# x,y,z
-1.439912203789916356e+00,-9.037774342680449990e+00,-2.190077019445265893e+00
-1.737461424255018150e+00,-8.814231629680525870e+00,-1.712525095570536893e+00
-1.753460292038688362e+00,-8.617852186567375838e+00,-1.423506551126024977e+00
-1.698986064101962068e+00,-8.957168496540061753e+00,-2.019663388349379307e+00
-1.770425906993863041e+00,-8.894872815293034307e+00,-2.864304099219392441e+00
-1.635722160676133186e+00,-8.741805650294336871e+00,-3.236331191459093315e+00
-1.471153303965361259e+00,-8.502720914761699333e+00,-3.073803932011546003e+00
-1.289858448044164829e+00,-8.455246677308732473e+00,-3.168751314267226338e+00
-1.340612200000000032e+00,-8.514574413822444399e+00,-3.219504999999999839e+00
-1.340612200000000032e+00,-9.165049852471977232e+00,-3.188878837147676837e+00
-1.067287525897445910e+00,-9.775316404295971040e+00,-3.567776114594688242e+00
-8.618407541214914147e-01,-1.006934252175809519e+01,-3.717668999999999890e+00
-8.818599494426944130e-01,-1.012360435749281606e+01,-3.680440249442694878e+00
-7.303805264420915044e-01,-9.315400745756853951e+00,-3.753095929690482002e+00
-6.128226405065589910e-01,-8.970800011465794199e+00,-4.061069995146760370e+00
-6.855387027854732418e-01,-9.549831969402386989e+00,-3.818911976191499136e+00
-8.599609823555565136e-01,-9.225869185051216448e+00,-3.641028400000000165e+00
-1.002382106404484219e+00,-8.379397378291438159e+00,-3.668792868801494578e+00
-1.181721309099009298e+00,-7.941522942607932123e+00,-3.900855974627715383e+00
-1.425003802498226557e+00,-7.586822999999999873e+00,-4.131586208344752542e+00
-1.704255516522490410e+00,-7.650423661362619754e+00,-4.365454685595279827e+00
-1.588110897874325911e+00,-8.091035200571159436e+00,-4.597595367253266119e+00
-1.421043288130927396e+00,-9.347013699784170626e+00,-4.430177478243528810e+00
-2.390023293463911624e+00,-1.065745388789289727e+01,-3.557713243892041355e+00
-3.018839035920538372e+00,-1.134221400000000024e+01,-2.002136084476769273e+00
-3.241918873755549768e+00,-1.075192934803205702e+01,-7.817139262444497971e-01
-2.772533070394311849e+00,-9.674200430265916140e+00,-1.606102346034773865e+00
-1.533794766169739532e+00,-8.626765797030190086e+00,-2.258494915775025369e+00
-4.214983816500534886e-01,-8.548563509551176054e+00,-2.128739480874165313e+00
2.496880221258844235e-01,-9.504591966918020773e+00,-1.796423336079458810e+00
-3.743306833695352887e-01,-9.261351166113316324e+00,-1.399969478830785485e+00
-2.444605183664077863e+00,-9.505070388955207505e+00,-1.088663292160410717e-01
-4.830333708456459263e+00,-9.885184097181179297e+00,1.612461793924029774e+00
-6.151631917015841111e+00,-9.127983558293880861e+00,1.546556092724325815e+00
-5.376161801768389203e+00,-8.534109910841126023e+00,6.623648190681095116e-01
-3.647326794610759482e+00,-9.024082887379226037e+00,3.734712324441597509e-01
-2.519728107959787966e+00,-9.944927480121602770e+00,-1.199345866872795624e-01
-1.832282756203165608e+00,-1.096333945562763290e+01,-2.811469041477439035e-01
-1.465219095210688716e+00,-1.090218895210688643e+01,7.928996618371276783e-01
-2.174299840735937739e+00,-1.050310719884046584e+01,1.828431865061735939e+00
-3.494146981647996864e+00,-1.107634129973951431e+01,1.410962178381103493e+00
-4.229758133098926898e+00,-1.029885472738670771e+01,9.066581974526417564e-01
-4.237443057864422435e+00,-9.982305132150244731e+00,4.272930869256961195e-01
-4.250684327130952234e+00,-1.097658703115155632e+01,-2.009886520188792769e-01
-4.034487439456346358e+00,-1.110833221320298669e+01,-6.089867470817804662e-01
-3.802018202433916638e+00,-1.063818454127950019e+01,-9.791147974471670068e-01
-3.452827732906302849e+00,-1.056929301616014172e+01,-1.467117105706987168e+00
-3.137175409739346055e+00,-1.087558583206845420e+01,-1.833189005634357827e+00
-2.526532985850834301e+00,-1.017297272960193943e+01,-2.761670024951381919e+00
-1.889613980419021511e+00,-9.494160247964849475e+00,-3.924323395176092077e+00
-2.233228009514057533e+00,-8.922409513722168839e+00,-5.549759183138189833e+00
-3.013610454477154477e+00,-8.469806676742202001e+00,-5.253713864875730444e+00
-2.829433083681050398e+00,-8.597814949172979837e+00,-4.199687380347965515e+00
-1.842809724955793538e+00,-8.550209235613403180e+00,-3.797447731708741614e+00
-2.290448855692441832e+00,-8.995141804943006747e+00,-4.666868328158495061e+00
-4.932325273959361489e+00,-1.240132101246755525e+01,-9.928919037632821798e-03
-7.134448225048907410e+00,-1.519991479637836562e+01,4.701698277144505944e+00
-4.483231212906032326e+00,-1.554147943004213239e+01,-3.360374120518761387e+00
-3.888666194761257522e+00,-1.518772641726680916e+01,-3.670163404510713878e+00
-2.803410890898669017e+00,-1.668351807560490840e+01,-1.021114774765751632e+00
-2.338689610646675021e+00,-1.902852353116128015e+01,-4.136785290362358758e+00
-3.095628542339391220e+00,-1.698337758226820071e+01,-2.445890798418928203e+00
-2.708155732823122275e+00,-1.387253293649529517e+01,5.827907852196346772e-01
-1.126776065485004974e+00,-1.071182299221060852e+01,-1.027533730819301772e+00
-9.119912377792835922e-01,-6.227898303123568624e+00,-1.379071395180176962e+00
-2.648936423662603956e-01,-1.806598731755554521e+00,1.296792274331763917e+00
3.626032911424442728e-01,-1.154310349062781071e+00,6.857013865757359827e-01
4.344281628213892965e-01,-1.136354135074614913e+00,1.572287093090867671e+00
-1.036382977936209648e-01,-6.615704495198001522e-01,2.179941508215434531e+00
3.299692794034363441e-01,4.559800593474205299e-01,2.242308335239779460e+00
1.255345126170328562e+00,8.605936535881620886e-01,5.834551160795972136e-01
2.076038783594588821e+00,-4.985310712096476804e-01,-1.599375422167941929e+00
1.398484807987772083e+00,-2.785192047566376949e+00,-7.431682688335778053e+00
7.991943321742217554e-01,-1.399551237643642843e+01,-1.877755217907907337e+01
-6.243376397412679246e+00,-1.955457564014064076e+01,-1.443618069475662935e+01
-4.420366577611076764e+00,-1.855696075331732686e+01,-7.964314562534690722e+00
5.769260699560250671e+00,-9.460920260337751131e+00,-1.565348887722939786e+01
1.149664677837570892e+01,-7.728826804646755200e+00,1.863022726227390180e+00
3.704129133660282847e+00,-1.497387069937135351e+01,1.330664134641704877e+01
3.175577873041341093e+00,-1.117379296850738868e+01,3.008726820016822678e+00
2.198553106169146343e+00,-6.534399083017994769e+00,-3.236552230841677869e+00
-6.517240709292839718e-01,-5.748396682082367981e+00,3.219066445740163207e+00
-2.591082836234656739e+00,-7.692141040984900258e+00,4.082906676996785222e+00
-3.965357914767581704e+00,-1.059852766123380263e+01,3.449011793277501070e+00
-2.328615359207893309e+00,-1.143037191360071780e+01,2.262774727552201881e+00
-1.687741015020206348e+00,-9.558851654293320621e+00,-1.888106451824655085e+00
-1.670998950040383013e+00,-1.088526871436675414e+01,-3.397682050181284996e+00
-5.636368399021590703e-01,-1.074627139952698229e+01,-1.370889383835525388e+00
-5.823739473668360089e-01,-1.038692865606445004e+01,7.537388295108069514e-01
-1.517451751980830821e+00,-1.006240227232058793e+01,1.516058209375589216e+00
-2.050461380773386466e+00,-8.889021629934198643e+00,7.870454652664250483e-01
-2.058028387460143716e+00,-8.190731597426376354e+00,8.235296288396135034e-02
-1.378465919214384439e+00,-8.821911367675658866e+00,-1.069197990165077883e+00
-7.096718226088402082e-01,-9.423341323972149297e+00,-1.533411300000000033e+00
-7.352709692584217249e-01,-8.945996966000656414e+00,-6.101312279468865674e-01
-1.220217780695207033e+00,-8.358662762215182340e+00,-2.414590876806786413e-01
-1.482350507898315239e+00,-8.139928367652208507e+00,-1.054033478226018561e-01
-1.594233266917023828e+00,-8.898550979544083361e+00,-3.891907000000000005e-02
-1.192417143410757108e+00,-9.612713172489238289e+00,-1.067087893871230264e+00
-4.584047041002146661e-01,-1.039100060411635162e+01,-2.430961401678106260e+00
-7.125299784304440776e-01,-1.097387792265170958e+01,-1.729350506471475590e+00
-2.109458223212667072e+00,-1.225539564848565099e+01,-4.451955360439880938e-01
-4.567730211930693507e+00,-1.290756064881043486e+01,-1.861684870388653712e+00
-6.197057674092623536e+00,-1.315414342338114295e+01,-3.961082020182681518e+00
-5.858880909523190184e+00,-1.547427199709259327e+01,-4.418309009217123773e+00
-3.221513644598231529e+00,-1.669645612743750007e+01,-2.646837809174372502e+00
-2.156263577704754741e+00,-1.339268806090730557e+01,-4.716349485949469234e+00
-3.255972701448127893e+00,-1.130554185073531137e+01,2.653400515142642635e-01
-5.339775854648523890e+00,-1.193874512986626790e+01,3.093218691703825574e+00
-4.277223031324362879e+00,-1.360926986339274158e+01,6.198816256330277774e+00
-2.651433262788303935e+00,-1.433746256825806853e+01,4.271216014906243252e+00
-1.476389267689809381e+00,-1.469302585962774721e+01,-1.038515642678188744e+00
-5.988874137955380039e-01,-1.521304090307596368e+01,-1.529279371419816291e+00
2.882430061153536949e-01,-1.259962128650937174e+01,7.350351860312437369e-02
7.223283549470124187e-01,-1.138035178055601016e+01,-2.948135827184853452e-01
2.444571474327983385e-02,-1.151326223831622286e+01,-4.551081030460431553e-01
-6.999949274696813939e-01,-1.230484299780957969e+01,1.051321204951324750e+00
-6.244250176149495069e-01,-1.218789321581309792e+01,2.823214244150319630e+00
-6.701342162254535495e-01,-9.190980579200321188e+00,2.950065400000000171e+00
-4.810834614806369647e-01,-7.154998482408583271e+00,2.146987015833345058e+00
1.936066069316234317e-01,-5.895062747937975800e+00,2.619389820879356012e+00
1.028507443608613681e+00,-5.266550552831557042e+00,2.023359890260806093e+00
1.943170598632790513e+00,-5.328295033852047169e+00,1.683124801543028681e+00
3.272243659744233479e+00,-6.072505890500075942e+00,2.007849359743224316e+00
4.001659449101025778e+00,-4.997920432080696251e+00,8.511697920329029943e-01
4.292282461412477268e+00,-3.849493128807941922e+00,-2.892919491807178778e-01
3.680005637090608239e+00,-3.469445365025205508e+00,-1.519761913350088811e+00
2.437084551444013147e+00,-4.650635094574156803e+00,-3.151956176713590185e+00
1.826926066041139496e+00,-6.957564618848634197e+00,-5.668918939617289432e+00
7.904634565141283042e-01,-1.261712806417109078e+01,-1.201583731693820845e+01
-4.624691863492481625e-01,-1.867106585968528876e+01,-1.508634573528075862e+01
-9.887695967256253660e-01,-1.954391998789709817e+01,-8.398339431152331613e+00
6.099952157821768584e-01,-9.687380244918546879e+00,-1.157808238275592849e+01
2.416577732621104424e+00,-3.314941325292818153e+00,-5.957374973609594448e+00
1.513852670109408383e+00,-9.598429091365803245e+00,1.184355031021123850e+01
3.937739049047392026e+00,-1.084334835505266348e+01,1.145683601564983789e+01
3.363537236261040952e+00,-1.570486488254632285e+01,-4.115281610029461135e+00
2.247087778736222008e-01,-1.770364108567221351e+01,-8.048247333841679563e+00
-2.986579130436575635e+00,-1.087207852728938917e+01,-8.107448918331261467e-01
-2.391252814514000846e+00,-5.853665974657477733e+00,5.226070466128936332e+00
1.267886301409091310e+00,-6.005181281631312373e+00,4.886329596926139551e+00
1.905884748466356360e+00,-7.223929563929959663e+00,1.299226251915192032e+00
1.104890622772042530e+00,-9.217659527264508768e+00,-1.202915156128677943e+00
3.932779522389289184e-01,-1.168136177649811813e+01,-2.440297779916638099e+00
-3.225385098357079761e-01,-1.300188677742498733e+01,-4.009427514909601697e+00
-1.519452612754031762e+00,-9.850385442210610520e+00,-1.199921212965445960e+00
-2.130242482736909526e+00,-8.694860916842618082e+00,7.253951799184562566e-01
-2.221979399999999938e+00,-8.388460698428721329e+00,1.838848770527452103e+00
-5.759502907833247143e-01,-9.157063541339555357e+00,1.953858799062222040e+00
1.040390347107203795e+00,-9.767342876546788233e+00,7.424385884517463730e-01
2.213362177216335880e+00,-9.834082284567255527e+00,-1.008256721864692063e+00
2.281500924143715636e+00,-9.269971403734420079e+00,-1.657637605038981832e+00
1.343675655222962950e+00,-8.827050882113878671e+00,6.226532528491132146e-01
1.992722408716078197e+00,-8.805701346921217976e+00,1.969011996746512727e+00
2.947225370992049953e+00,-8.621570490327194136e+00,1.229391289286981159e+00
3.584493275197069728e+00,-9.421730622749937112e+00,-5.116515348940144925e-01
2.757878972620444458e+00,-1.013674624247799549e+01,-1.101657167132322090e+00
2.005437699848402922e+00,-1.081875921373930538e+01,-1.252292814504278429e+00
-2.164289379493486432e-01,-1.169829825826795044e+01,-5.297494066512148381e-01
-2.711233335734669403e+00,-1.231253644662782065e+01,1.910028000000000004e-01
-4.121915296564561793e+00,-1.305542834163054167e+01,-2.149816634942014915e+00
-4.048506242223813167e+00,-1.497158060231149435e+01,-4.001479784183765709e+00
-3.550738990837936537e+00,-1.736257421082774499e+01,-1.738905633172871612e+00
-1.821843508149567414e+00,-1.586945529473500471e+01,-2.471912977938907297e+00
-7.990426188798089857e-01,-1.470860609009056574e+01,-8.333593523870677089e-01
1.140861624860560058e-01,-1.172263305629453711e+01,1.051408724538565043e+00
1.036253973784912130e+00,-1.140102642462258942e+01,2.471092487730955689e+00
9.372886628422211208e-01,-1.112549743552052384e+01,3.413446404163222425e+00
2.056956941882667422e+00,-1.407264856553015520e+01,2.360225504611590974e+00
1.907905234090031765e+00,-1.510747477852862275e+01,5.451754016132356329e-01
1.886678078668827307e+00,-1.366126612848611188e+01,-3.798769498846431558e-01
2.374036454211361225e+00,-1.118503816400897577e+01,-1.265358967622820296e+00
2.015886500261860448e+00,-9.535207914166809573e+00,-7.255077806524132256e-02
7.817912864440871301e-01,-9.575645520869953131e+00,-1.130493051122061443e+00
7.579391777666643071e-01,-1.101745819443499741e+01,-2.814112011526593848e-01
6.899811753008452397e-01,-1.133510731810609151e+01,1.979411754281536151e+00
2.174383815553133092e-01,-1.007481905482562823e+01,1.314425243041013047e+00
4.162922742078533633e-01,-8.441104178694862625e+00,1.216906439790418126e+00
1.508996492239816245e+00,-6.376000557546350755e+00,1.463711339828933866e+00
2.272046307270572996e+00,-5.038449618196179536e+00,1.258230838180381950e+00
2.571336735023961761e+00,-4.442372974750315784e+00,1.380024845007987278e+00
3.118949030330429029e+00,-4.513226476776809548e+00,5.453962237368015220e-01
4.263959852402365414e+00,-4.392860054836114969e+00,8.165993053271467517e-01
4.356831568083601169e+00,-3.455878871499088678e+00,1.296613403879692261e-01
3.976798258267190356e+00,-3.787505386464784962e+00,-1.151845245586296196e+00
3.520281160301654833e+00,-5.124094623812221805e+00,-2.733081760460363441e+00
2.447954886539220443e+00,-7.005957251410507958e+00,-5.058587066925603004e+00
1.485741882410297920e+00,-1.274558088067908024e+01,-1.235802787541727099e+01
1.250226313070214479e+00,-1.868799280806660690e+01,-1.530670526362876593e+01
2.131208189543746467e+00,-1.945590151952048075e+01,-9.900651495860168794e+00
5.097987237576253605e+00,-8.396361865165797411e+00,-1.178642294981649563e+01
5.333785027137360579e+00,-1.070884886816838799e+00,-7.997303767559974297e+00
2.333518190707677853e+00,-9.555056717343378025e+00,5.978625126289187186e+00
2.775792825909775718e+00,-1.736448225357956332e+01,1.105908500371022285e+01
3.045895037183004472e+00,-1.481059201993653396e+01,4.122124002247226082e-01
1.399337978674028982e+00,-7.422902351916612851e+00,-2.941483668049135414e+00
1.552990147928376086e+00,-2.758144912240063640e+00,-7.426017483606162095e-01
2.202888160492244118e+00,-4.136581040649981666e+00,3.007822547680164327e+00
2.823581481042423569e+00,-8.315387096187084381e+00,3.423901360811752337e+00
1.614351234100125154e+00,-1.068590856697306002e+01,2.115617168200250475e+00
1.409659129782595333e+00,-1.273814234544258284e+01,6.036800243843968294e-01
1.338396337322772300e+00,-1.477687308791591647e+01,-3.617036698162981789e+00
3.749554294651806785e-01,-1.160847814456124638e+01,-3.833608095097102098e+00
2.902074134987554510e-01,-8.863934637449197851e+00,-6.133754522465112435e-01
8.137528253347710017e-01,-8.108801423033664690e+00,1.073250890042919181e+00
1.087595138351395763e+00,-8.745674664825571654e+00,1.101448071780714688e+00
1.439357111880553930e+00,-8.928034000000000248e+00,5.865527862330648379e-01
2.050520424589477031e+00,-8.963878666208458412e+00,-2.793362600159557396e-01
2.784093394441135239e+00,-9.184959987182988783e+00,-8.640918167398629057e-01
2.908755602228492609e+00,-9.121084179851031593e+00,-3.952327745011565696e-01
2.307215110100101274e+00,-9.074850581898660451e+00,5.723398969763994204e-01
1.912325288152982194e+00,-8.825659194604376978e+00,1.446713158490010365e+00
1.854754250155047135e+00,-8.645011095561390135e+00,8.134319035648702734e-01
1.845663139220658389e+00,-8.874151284612263879e+00,-4.308223136824684829e-01
2.516291104077359897e+00,-9.515072636560002906e+00,-1.590183135903869394e+00
2.877436165170446092e+00,-1.082263674767964012e+01,-2.479583589860885784e+00
8.435288424435279930e-01,-1.188234188712362283e+01,-1.815876898156327357e+00
-1.567595175261053964e+00,-1.288073293380075057e+01,-8.845767239807026394e-01
-3.613151644993106260e+00,-1.329708122522566249e+01,-1.726412723220784873e-01
-2.594233708727945675e+00,-1.671409664433667430e+01,-4.319845053091022180e+00
-3.743045318149798018e-01,-1.785366127626913624e+01,-3.674227712740081309e+00
-1.167253716030285160e+00,-1.493928151626605327e+01,-2.200900347843803395e+00
-1.612070701745474732e+00,-1.272817752516959544e+01,1.692593860570166697e+00
6.060012894604432931e-01,-1.233408076463905623e+01,6.541077774026117231e-01
1.935644422424614097e+00,-1.155673474536462741e+01,1.383704437814714971e+00
1.222004006421640421e+00,-1.222075032290052299e+01,3.916128320599767676e+00
1.589494515053773371e+00,-1.228245882641740394e+01,3.007047549709120027e+00
1.310748127312161060e+00,-1.204855419862364840e+01,-2.170247992882330834e+00
1.426953985548357284e+00,-1.173501694002312412e+01,-2.663900752244272141e+00
1.940186563726073565e+00,-1.049009380639873257e+01,-1.888033272984356858e-01
1.586996711152245609e+00,-9.759553278456746028e+00,7.307357682974526814e-01
9.693003825642940718e-01,-1.030660026929906437e+01,-6.199625765706653358e-01
7.569434597768016637e-01,-1.223364245620268775e+01,9.291502481001212566e-01
4.407191539380428957e-01,-1.198487985093959551e+01,9.037548439015758994e-01
-8.388555799328091533e-02,-1.041109005418797651e+01,6.351591919665633412e-01
1.092191648914673102e-01,-8.333772366176360080e+00,7.339069030182068243e-01
9.407008116173347645e-01,-6.153664511015083605e+00,9.088739427320402520e-01
1.947146360308943613e+00,-5.280023230525565658e+00,6.922822118656122292e-01
2.803808178700474052e+00,-5.040528933790922039e+00,5.147187901112653119e-01
3.744534539472812007e+00,-4.879782582271743330e+00,7.347652676784394155e-01
4.214667714610788707e+00,-4.711983801139824735e+00,3.690585992346154948e-02
3.662280675340264136e+00,-4.412617128693866242e+00,-3.369889637447672781e-01
3.180309656621627568e+00,-4.584366717806668490e+00,-9.664823773944152263e-01
3.003614650435993294e+00,-5.774658630490884015e+00,-1.944037968439543240e+00
2.729599057412493757e+00,-7.460634030383259230e+00,-3.440951510201285757e+00
2.413552248792743882e+00,-9.849744933588031159e+00,-6.908310430320906192e+00
2.261497299999999822e+00,-1.559475327391311517e+01,-1.439366738299003856e+01
3.291327765447832565e+00,-1.935470738405160418e+01,-1.330510383555329312e+01
4.216244233349295101e+00,-1.565121117194626166e+01,-1.085650037728994555e+01
5.354040752817644133e+00,-4.895013373976939697e+00,-1.120954420753307978e+01
4.175903890442002719e+00,-5.731936655995648167e+00,-1.229314561359506897e-01
2.409572493186196596e+00,-1.303731112317471030e+01,9.073761660033930809e+00
3.934718564150027298e+00,-1.339231601136724592e+01,7.029837486214978171e+00
1.896181920631459850e+00,-9.558603247498874467e+00,-9.766103529686961382e-01
7.375750036655491781e-01,-6.321974064330026621e+00,-2.022517817267004414e+00
1.664037085828952600e+00,-5.019478332525120656e+00,1.065669660510140115e+00
2.627118290455181082e+00,-7.604998070139138200e+00,4.120667103283497390e+00
2.919509432348433631e+00,-1.040556801351500660e+01,2.902868206441220345e+00
2.353697939932488659e+00,-1.284765122386304270e+01,1.063297362963130377e+00
1.169939673250361523e+00,-1.325643199360399294e+01,-9.977039656619490771e-01
1.810888085604473452e-01,-9.846582079288474176e+00,-2.828853756006445508e+00
1.351965575853952162e+00,-7.829671073027779649e+00,-1.536644970057938542e+00
2.511702204492508805e+00,-9.196277000000000257e+00,6.204219300286253347e-01
1.449907893244895440e+00,-8.936882625261858948e+00,1.153922664168482548e+00
5.883840255416616927e-01,-8.413492225062306318e+00,1.246047364504641042e+00
1.266165189201609920e+00,-8.622550205681505986e+00,6.873820014642056941e-01
2.291132590935498925e+00,-9.646784106980433648e+00,-1.035898112171403485e+00
2.551968111229129477e+00,-9.515112918223888272e+00,-1.138208036639688281e+00
2.107862648420316454e+00,-9.081138931451793184e+00,-2.572109595985045405e-01
1.481301502444777540e+00,-9.223274132845999063e+00,6.206547803418589471e-01
1.246578629992670884e+00,-9.450006186867874192e+00,2.934901248518843042e-01
1.561118926837662624e+00,-9.453905271448363123e+00,2.411117430933953365e-01
1.828079369795250653e+00,-9.823556344790540962e+00,2.538653869474807867e-01
2.020608371441976914e+00,-1.048265285720988516e+01,-7.485996683396284324e-01
1.696546265223420447e+00,-1.098492307358039888e+01,-1.733406783816045849e+00
5.753038693899107381e-01,-1.167363326125196821e+01,-1.693399242577099173e+00
-1.144007272492085114e+00,-1.231371566611064416e+01,-9.077923523479207724e-01
-1.723815300000000050e+00,-1.412477496668267563e+01,-1.394314450386802573e+00
-5.632193984372264595e-01,-1.629414676431952103e+01,-3.683268714401231492e+00
5.747448138104691573e-01,-1.591580301728049385e+01,-3.388234330958448837e+00
-8.283007534884290202e-01,-1.310576561383694560e+01,-1.166024575842103062e+00
-1.229748496293736615e+00,-1.235915474227210353e+01,9.245042907778806551e-01
-1.050040914201272546e+00,-1.193101498058592469e+01,1.217333263962085965e+00
5.449789870599230923e-01,-1.260847919341030199e+01,5.400994728737503081e+00
2.334955940599140689e+00,-1.391479389887642348e+01,4.021567537453726082e+00
2.610966828479388990e+00,-1.327317429429732698e+01,-1.360447288417645062e+00
3.372167689333159579e+00,-1.171118893690518625e+01,-2.490800390947474963e+00
3.290064253250684079e+00,-1.092175231751889086e+01,-2.086784244480593298e+00
2.821482838787157554e+00,-1.090404323612007076e+01,-4.691245665011088972e-01
4.143411805679807491e-01,-9.954550076468883901e+00,-1.629533835774684691e+00
2.239397383317380807e-01,-1.325236393951040448e+01,4.437526834898189776e+00
3.481758158486281118e-02,-1.134444996147565732e+01,1.186769849545487032e+00
1.646145263702638140e+00,-8.086942268286204438e+00,-1.285754955257056409e+00
1.898906944985399914e+00,-5.642518487989290676e+00,-9.009885193005635617e-01
1.447501891400992724e+00,-4.825754387942571277e+00,-8.029043429097245665e-01
1.779620355493947592e+00,-4.274334123483196635e+00,-5.132332768692579039e-01
2.679900349338308452e+00,-4.007063408818362760e+00,-6.931700797692563754e-03
3.329519922015398592e+00,-3.984713800000000195e+00,1.559799266253990846e-01
3.346974801237685870e+00,-3.848110987142369765e+00,-2.654652601750757124e-01
3.000650491438436429e+00,-3.960531954228308393e+00,-1.179508637232558499e+00
2.711386296660750261e+00,-4.625938712614836135e+00,-2.374693939608405913e+00
2.538771400867207984e+00,-6.013137708413131222e+00,-4.348497562869935606e+00
1.855360099571987664e+00,-7.451916215828756407e+00,-6.825028977421849774e+00
2.011988759724708586e+00,-1.106438407884844999e+01,-1.051064802066483495e+01
2.465657303238755205e+00,-1.691861748168367896e+01,-1.334041967013227747e+01
2.546144786082004341e+00,-1.916469746399172891e+01,-1.071889743799403227e+01
3.053747314592720752e+00,-1.194842105276625510e+01,-1.283633055018242430e+01
5.764791420672621847e+00,-5.259065100327819486e+00,-8.058317674092684513e+00
4.262863669370059228e+00,-8.648784226689187449e+00,3.982044176057668139e+00
4.734064418684498676e+00,-1.445614290846117811e+01,8.282706190909685517e+00
3.819622202626124174e+00,-1.417739824150193151e+01,2.304670200697169768e-01
1.372271795417058016e+00,-7.893454609510413000e+00,-3.836582134522728893e+00
1.216174653497549940e+00,-3.191520763332669652e+00,-1.413339968994832718e+00
1.096014303091396025e+00,-3.103541762132293602e+00,3.192209330539689027e+00
1.191787826848360599e+00,-7.955315135636086055e+00,3.714621598314983508e+00
1.454758507784976285e+00,-1.189005564301215756e+01,1.170339921516282855e+00
2.329167498762441557e+00,-1.130563319129853461e+01,8.292991585734275084e-01
1.664728071851206970e+00,-1.391898468802427047e+01,-2.280953457158275022e+00
6.622956629955114582e-01,-1.300020742183267330e+01,-3.724678310507483658e+00
4.702217866466231744e-01,-8.911589906653853532e+00,-8.614656514435042878e-01
1.226970655405733801e+00,-8.252968792483549976e+00,2.422742987480731358e+00
1.663491695365910905e+00,-8.093068246001639210e+00,2.753775499605080057e+00
1.953694563888730418e+00,-8.095212426711517750e+00,6.481634420964309529e-01
2.601354076756794420e+00,-8.898238486710022599e+00,-8.366899420439375401e-01
2.895137987330506313e+00,-9.561674726716777428e+00,-1.054227452933953924e+00
2.499146960952444374e+00,-9.251065253849263925e+00,7.897911457948696423e-01
1.802837509185564624e+00,-8.508878018371131446e+00,1.608854400000000018e+00
1.490480913203127367e+00,-8.374694732120843810e+00,1.412642727864726666e+00
2.091657036100498246e+00,-8.898025376554139498e+00,3.525176089943331953e-03
2.434287013077435446e+00,-9.654552394467991405e+00,-3.116900201010152083e-01
2.708365601326620187e+00,-1.034528001632013527e+01,-7.056461109705900459e-01
2.455909438156798075e+00,-1.134967230509291269e+01,-1.484335196560603753e+00
8.362192767863264597e-01,-1.247637634420802399e+01,-9.306502464402410801e-01
-8.710522945136237594e-01,-1.322496891836520305e+01,1.282646512549953655e-02
-2.172662735020434166e+00,-1.327490485009445464e+01,-4.356103339673509933e-01
-3.026450538120381673e+00,-1.467788805147255538e+01,-2.444102523553426387e+00
-2.044178750922660548e+00,-1.729258130063843524e+01,-2.760137091239832863e+00
-1.914309134274312152e+00,-1.497976248561853652e+01,-1.192071382728723927e+00
-7.859048096198858468e-01,-1.296503074147997481e+01,9.424251741001838933e-01
2.148419997066950415e+00,-1.200795939116661160e+01,1.534996726157246583e+00
2.001246019087759898e+00,-1.062411677168748980e+01,2.370266212418486784e+00
2.623164926962342491e+00,-1.126150746301724226e+01,2.496943641673496028e+00
3.424791740544067764e+00,-1.265107641268389926e+01,1.541914740772037495e+00
3.307822886292383302e+00,-1.174564448445565645e+01,-2.395668255831380489e-01
4.165849971301137877e+00,-1.109700756820004663e+01,-5.983666460896852612e-01
4.029618015592287605e+00,-9.794470125312924935e+00,-1.756245690707474383e+00
3.684512368769881530e+00,-9.147356414915467582e+00,-2.926212585615285411e-01
2.792124633588835447e+00,-9.253855323681262846e+00,-7.672030569465341232e-01
1.417670061872243092e+00,-1.094653726143440409e+01,-2.726558986124584916e+00
1.073567500000000008e+00,-1.151569993489350807e+01,9.413841621640945956e-01
1.203717767448670983e+00,-1.040948774079733674e+01,-1.568267103789504624e-01
1.531676575192584266e+00,-8.279995835163141749e+00,-1.754597056984324110e+00
1.675275900172007226e+00,-6.161673486023551582e+00,-5.110223315599079497e-01
1.853449537709509265e+00,-4.613699430638589227e+00,3.667436152949970496e-01
2.376579843963313010e+00,-3.965492553097702988e+00,9.190886999999999807e-01
2.840800394431133746e+00,-3.562106556036395144e+00,6.193559696757404698e-01
2.755439506480978906e+00,-3.409908999999999857e+00,5.485197409378604616e-02
2.679247978127171415e+00,-3.680666186171037246e+00,-4.711315985880036861e-01
2.502102335843334302e+00,-4.017646036204669535e+00,-1.405909142938794876e+00
2.724662499714937347e+00,-5.199216210721486320e+00,-3.001147803864165908e+00
2.886608236232516056e+00,-7.026543269812854930e+00,-5.599595268448020136e+00
3.484652910624416400e+00,-1.078736955605704573e+01,-1.101065068673197445e+01
3.053152961079379502e+00,-1.719664183181722095e+01,-1.677251626707760579e+01
2.736123382287421357e+00,-1.924336146248815993e+01,-1.229334471665842443e+01
3.914891077219913917e+00,-1.043892004679727670e+01,-1.160536168042085592e+01
5.319879876196095481e+00,1.056840292557025496e+00,-9.225703666030671712e+00
5.400654312405384516e+00,-5.262248712326483613e+00,3.673681106931307117e+00
4.745583521294323148e+00,-1.396135513204494316e+01,1.297230863164038617e+01
6.135969027215404381e+00,-1.760735360051956278e+01,4.205815292307311992e+00
2.254321843141995796e+00,-1.623072643608124821e+01,-1.496689347040911144e+01
3.958205169468891893e-01,-5.987559839369275494e+00,-1.403470671807194092e+00
1.596195645194690593e+00,-1.927648884790996275e+00,3.929696747232878984e+00
3.745796297008923137e+00,-4.964706611466596087e+00,5.101425965916346783e+00
4.248390041694213082e+00,-8.541895603274070936e+00,1.884381214479990074e+00
1.585113710825109656e+00,-1.076061346930616658e+01,-8.180787494499097701e-01
8.285164428465732200e-01,-1.203313714079452090e+01,1.460507838253794155e+00
7.083771322961588401e-01,-1.425181691625854086e+01,-3.371801456056855439e-02
-7.547130122837095723e-01,-1.056286255648292816e+01,-2.327043302365858324e+00
3.807818622473295722e-01,-8.464379683751513284e+00,5.443688365560688247e-01
1.682563343759905461e+00,-8.855522926299737918e+00,1.842676797593867821e+00
2.157083660010908677e+00,-8.422838638738676664e+00,9.463314123636400454e-01
2.290713450139185703e+00,-8.616175079978571461e+00,-3.751120889153948257e-01
2.069009042664517128e+00,-9.042748707045541678e+00,-8.425619378187805264e-01
1.254311393032834898e+00,-8.880428826512666518e+00,1.542549147024763478e-01
8.239874455338089820e-01,-8.908375979606002915e+00,7.671355350410107299e-01
8.220647865925192477e-01,-8.961513386397111702e+00,9.466186543615440208e-01
1.320263403705979277e+00,-9.151326381283732658e+00,7.374316453749628630e-01
1.904474307734318694e+00,-9.450864820129314836e+00,-1.887869527550148363e-01
1.942539811890667156e+00,-1.002579268502480403e+01,-5.607372687769890396e-01
1.671916907050102541e+00,-9.870515144421254661e+00,-1.423706069810486197e+00
1.042734432307578896e+00,-1.019122506481852675e+01,-1.651426034424607447e+00
1.015615830075898007e-01,-1.097930858074189864e+01,-6.263223932062861321e-01
-1.123042579850918266e+00,-1.145404521500739925e+01,2.427736174142786640e-01
-2.181774938695588695e+00,-1.246195629305798391e+01,-8.765430243657891252e-01
-2.136951717778333038e+00,-1.477990714450913323e+01,-4.209904077749590634e+00
-1.372545267074942288e+00,-1.758237224668258136e+01,-3.457828375574217183e+00
-1.365768013820811921e+00,-1.474810949693591589e+01,-5.390116152019963636e-01
-1.344993842480629143e+00,-1.246379601285028826e+01,9.109361088321814570e-01
1.587628518484895057e+00,-1.338506937885755832e+01,2.753268333333528384e-01
2.242793629739748607e+00,-1.118052096673332763e+01,1.684083960002658475e+00
3.440992047875185644e+00,-1.150288784863946923e+01,2.522328807208189083e+00
3.916016627415708662e+00,-1.244140829307326612e+01,1.820573744473568123e+00
3.781999303580647620e+00,-1.115255734218882466e+01,2.055361625078344634e-01
4.306160002449029633e+00,-1.000002543568522739e+01,-1.532433728032061682e+00
4.690177133635058837e+00,-9.791875758428941978e+00,-1.484415550884117474e+00
3.766814839913979363e+00,-9.310662693011311219e+00,-1.592903563960419211e+00
2.533522339448331717e+00,-9.558743046405965060e+00,-1.839343293151062486e+00
1.203934932232581412e+00,-1.048747879253751769e+01,-1.235880115542296931e+00
8.260422260810727779e-02,-1.118433355673611551e+01,3.979324942536095477e-01
-6.933400018691660005e-02,-1.093293204793859275e+01,4.478430201776129604e-01
3.853695213256509988e-01,-1.041508888011053102e+01,-1.317964016835553975e+00
1.335306685183099473e+00,-8.975517345273217984e+00,-9.250157057561546603e-01
1.976884603706417609e+00,-6.608328238600183369e+00,7.885807114293785780e-01
2.499336636272837531e+00,-5.004603949766337934e+00,1.553622428613139039e+00
2.657133721187995956e+00,-4.090301523227952707e+00,1.126183798049988916e+00
3.026917966845194208e+00,-3.453145523393125416e+00,9.373543696529043623e-02
3.317265712688039603e+00,-3.071122435077056512e+00,-1.365650132058534361e+00
2.809400812191478636e+00,-3.468405040856390897e+00,-2.169841517682622900e+00
2.361828909238764318e+00,-3.965997843380552723e+00,-2.098561911471597430e+00
2.227893344801136433e+00,-5.078906008645107661e+00,-2.674766981271855748e+00
2.393969463024991917e+00,-6.719669228953763174e+00,-4.557650162261440485e+00
3.217879389784158661e+00,-1.093174516943586738e+01,-9.062121648192285051e+00
3.116661627788714917e+00,-1.747118342925578816e+01,-1.511878883126174955e+01
2.689398137229641161e+00,-1.957114809544109590e+01,-1.675013002844835697e+01
2.637311823401637501e+00,-1.087591915336071047e+01,-1.327753988908910721e+01
4.303860196665853621e+00,5.360516713876776196e-01,-7.184136159557658274e+00
5.327122000000000135e+00,-5.498666350412268145e+00,1.734207517710242730e+00
6.269014658074808288e+00,-1.596797761520034520e+01,1.137859776416598301e+01
6.634882625776826082e+00,-1.908778603188418188e+01,1.132668188880935212e+01
2.484930829334910385e+00,-1.483162657096649895e+01,-9.509958525184561751e+00
1.822833319836703936e+00,-9.999760964152351050e+00,-1.050034275149695162e+01
3.835269571897007790e+00,-5.314351820381711278e+00,2.889262923170325070e+00
6.794648980074790678e+00,-4.516942622939195573e+00,1.275674602340255959e+01
6.925869021719061713e+00,-5.812313940595194239e+00,6.640579171974580142e+00
4.470022107544463275e+00,-6.931871672342897028e+00,-1.020281203368015976e+00
1.597858015990805125e-01,-9.985235614724015107e+00,-5.201917468951433587e-01
-1.972796027719151191e+00,-1.110266130799542594e+01,5.399592321874128409e+00
3.839244764959002243e-01,-1.256650198905882476e+01,4.678035470826680253e+00
1.314820744597815505e+00,-1.044302558453048135e+01,1.078994178130638470e+00
9.848916783383039331e-01,-8.490599178955765325e+00,-2.153733991722421859e+00
1.828270032893802188e+00,-1.101612157665067926e+01,-8.539943165325521168e-02
2.046450634187638951e+00,-1.144232579599257171e+01,2.597744723201623529e+00
1.542632519525457990e+00,-9.194841199262871356e+00,2.237874432192076490e+00
1.307499504777312582e+00,-8.520621045520364589e+00,5.557873318308014232e-01
1.199331075767434029e+00,-9.856188189053323612e+00,2.406367235337957822e-01
1.516544564623669711e+00,-1.054976725014413574e+01,1.530660604175271278e+00
1.839573904886923295e+00,-9.835259003310172332e+00,2.183925674365240432e+00
2.254003848657202269e+00,-9.564066075810561784e+00,1.478053454028393610e+00
2.508135150408599578e+00,-9.634515778597638302e+00,6.498208502156535005e-01
1.933212558367674916e+00,-9.614179624953342440e+00,4.827773244318444013e-01
1.342333811208345384e+00,-9.576410675463321809e+00,1.039662968529042608e+00
9.761998736867927295e-01,-1.007065987719843747e+01,1.432921292688027703e+00
1.106838172339764670e+00,-1.039287991490935781e+01,1.608854400000000018e+00
1.434266235442927417e+00,-9.927097339298864398e+00,8.570446416765170605e-01
1.586494522286723274e+00,-9.091777536230523538e+00,7.299269711827474083e-01
8.957090893486002736e-01,-8.897421335646782836e+00,2.157699783254361847e+00
7.441706465628236677e-02,-9.948108515230368099e+00,2.517021529539289482e+00
-1.497277463083916960e-01,-1.100314870669357248e+01,1.455664598376441354e+00
1.368682104320063431e+00,-1.249112208592932838e+01,1.671697670169027816e-01
4.126328497372680815e+00,-1.281610238593905038e+01,5.713186838978145943e-01
7.227287455419727280e+00,-1.302170114465245376e+01,-4.181617097657394089e-01
9.727710540302979325e+00,-1.233501822153568028e+01,-1.266930701374318513e+00
1.065928173132321710e+01,-1.060464178056671258e+01,-7.060019867345379563e-01
9.349882730659238916e+00,-1.031711950779083153e+01,-6.674555422026017260e-01
7.043118406493094064e+00,-1.176602619057014287e+01,5.140939801178047164e-01
3.840884349973664236e+00,-1.414920324470680235e+01,8.991936558783837352e-01
7.451776044572817614e-01,-1.369114348163704875e+01,2.115264957164751713e+00
1.334226908772791376e+00,-1.102738332346083183e+01,1.491965842667984488e+00
2.366248149958081637e+00,-8.043087506223924876e+00,-3.758458435323320246e-01
2.618242741313025146e+00,-6.042363454852342386e+00,-1.432829455730154411e+00
3.052413816270256319e+00,-5.797851342006315356e+00,-2.340554468401263577e+00
4.363120352400684965e+00,-6.074714316457915153e+00,-2.303450034101885979e+00
4.924695011389278676e+00,-6.465129594561245696e+00,-1.761492696138799774e+00
4.176867566519590902e+00,-6.499634458378898749e+00,-2.009967191756987681e+00
3.316694692377402109e+00,-6.223739638126721374e+00,-2.607747022840039897e+00
2.795139649479150279e+00,-5.478129154984781479e+00,-2.531504386067663592e+00
2.761835007164373135e+00,-5.018275347835995603e+00,-2.164066143208537962e+00
2.926633195224114026e+00,-5.101483703147309257e+00,-2.318989334098688460e+00
3.213337832612793488e+00,-5.171762667548016168e+00,-2.675972413955428841e+00
3.334465999999999930e+00,-5.169252901530423827e+00,-3.169574510503815112e+00
3.001682171124385956e+00,-5.497783519447056122e+00,-3.804180913129804331e+00
2.578390309804271752e+00,-6.307242169121652253e+00,-4.463060244604642790e+00
2.675304159640710999e+00,-7.228817657559178933e+00,-5.789014216344621211e+00
3.172630618912385625e+00,-8.774614336179071827e+00,-7.758132478997940673e+00
3.474352365911069995e+00,-1.232761919073291779e+01,-1.144387247314443989e+01
2.565942806522993447e+00,-1.561757532245002977e+01,-1.247478307179921586e+01
4.097853305087480358e+00,-1.418093577089725876e+01,-9.483606208853350594e+00
7.481039161696530826e+00,-7.878159043624749280e+00,-6.857204698148265720e+00
7.794126361033775652e+00,-5.139515581309719749e+00,-6.370396130585534777e+00
8.002521957622606763e+00,-5.950353233976882095e+00,-4.839319539753583754e+00
7.307448981671778476e+00,-6.851131073322303422e+00,-2.017127662793871679e-02
7.493929623644072890e+00,-8.871639329776767724e+00,2.917769923030023360e+00
5.712677076943320387e+00,-9.997761679614633579e+00,1.135572190086756805e+00
5.325130149173171290e+00,-1.011142266997133632e+01,-3.566776093234854450e+00
4.834753489220732448e+00,-9.164909952887185796e+00,-3.254782835544927089e+00
3.679348699999999805e+00,-8.583151000000000863e+00,-6.453642902537327641e-01
3.538727678917303443e+00,-8.524559073524839548e+00,2.447192276530066213e+00
3.278645316182314584e+00,-8.490116850678472105e+00,5.437974538307182470e+00
3.015382996592166798e+00,-8.525136403946120822e+00,5.555536419181035690e+00
1.758079731745842311e+00,-8.823579739671952638e+00,2.470824449866606987e+00
1.190145191082317311e+00,-1.004280888666871263e+01,4.507830234487372745e-01
8.656862077960082447e-01,-1.111897010472138980e+01,-2.870409444020745049e-01
1.156469688790726646e+00,-1.084031197184151019e+01,-1.721056977165233981e-01
2.100615855511802188e+00,-9.853234731908493416e+00,2.467704516204506648e-01
2.568419180102579080e+00,-9.901226407208493896e+00,2.224499184883401703e-01
2.398419894569477684e+00,-9.815455423057889206e+00,-1.155596900000000066e-01
2.325753476843991585e+00,-9.592447175308368656e+00,2.140211097526890649e-01
1.679444922724652400e+00,-9.648409627253659693e+00,8.995815820688273234e-01
1.147424678223653016e+00,-9.888824746804507626e+00,1.135309445106078785e+00
7.847335526701668673e-01,-1.023702660574920209e+01,7.536028338751796785e-01
2.155894842001535583e-01,-1.052276439344645453e+01,-1.482413277331285362e-01
-3.407207110073653955e-01,-1.019236048311462639e+01,-9.705179223871883698e-01
-4.454636124156712285e-01,-1.007232410122606936e+01,-1.139570219170840559e+00
3.612071983657123564e-01,-9.845390989173578689e+00,-1.008923419916564423e+00
1.171077108778659115e+00,-9.377203524294831283e+00,-7.509933644384412244e-01
1.480657019960745169e+00,-9.124616977784432592e+00,-4.343208252040589024e-01
1.676960592010867890e+00,-9.280702516232818056e+00,-2.334801264606904680e-02
1.506227289153154736e+00,-9.381652901509522025e+00,1.674167885605390704e-01
1.655765935976140746e+00,-9.415664022089735852e+00,-4.035185050580786248e-01
1.675102238066996208e+00,-9.776440991493677402e+00,-8.374158579538729663e-01
1.342177800357127859e+00,-1.072803071049765933e+01,-3.461257456189703041e-01
2.645757574001265100e-01,-1.133061776321465253e+01,2.647110874458071250e-01
-9.452102930602843678e-01,-1.161167586773002114e+01,5.605352299889596601e-01
-1.081990689854143817e+00,-1.165834322004077350e+01,-1.628896411112990883e+00
2.011068282350658432e-01,-1.413325845393666391e+01,-4.693755333044165923e+00
1.454564849207441668e+00,-1.666087981705700471e+01,-1.846453075746961936e+00
3.580667872338120006e+00,-1.369348717952971839e+01,1.135388679950106949e+00
3.975610298649559393e+00,-1.195323268456199983e+01,-1.729450785329286422e+00
2.350380144596083909e+00,-1.127162614329812307e+01,-1.798968126320136696e+00
1.870629986830166125e+00,-1.042252599999999951e+01,4.285887044033065418e-01
3.262606462899088289e+00,-1.090924752262341357e+01,4.199014992094019405e+00
3.897052275001946953e+00,-1.207752124998052956e+01,4.567846663433557275e+00
3.551605243058002515e+00,-1.290626655308736126e+01,6.635196254570761010e-01
3.871578965099343961e+00,-1.342407719385326637e+01,-2.941839807053665545e+00
3.602707999999999799e+00,-1.156017944720618118e+01,-2.120215580187538862e+00
3.722649104848766655e+00,-1.051349866635165320e+01,-4.934784899924247736e-01
2.553032969084581438e+00,-1.033142732569604227e+01,-1.414245971175846828e+00
2.734841919295492474e+00,-1.056977406323749946e+01,-2.263268414934933581e-01
2.655927199422982277e+00,-8.817663620764340848e+00,-6.002018637624312314e-01
3.264371827591897812e+00,-7.822347621205342882e+00,-6.183976686086511965e-01
3.173286068434290286e+00,-7.556140923371076568e+00,-5.906794183270484000e-01
2.430736432305009131e+00,-7.612098771732655145e+00,-1.621479508439925554e-01
1.939548606985956436e+00,-7.217264423011873653e+00,-1.159497712004324610e+00
2.000977164591769331e+00,-6.340495513749260681e+00,-1.220671061147792225e+00
2.245986701847068279e+00,-4.945458573484456721e+00,-1.073567500000000008e+00
2.338049363254549817e+00,-4.138659025590876617e+00,-1.111843531627274784e+00
2.544893653241214082e+00,-3.586356222804157667e+00,-1.265168999999999988e+00
2.703190615527747642e+00,-3.523138800446530716e+00,-1.569423284807150321e+00
2.339748080265182217e+00,-4.297032096870191609e+00,-2.220761678551751661e+00
1.792445418523852085e+00,-5.276657988182865466e+00,-3.240160488252679105e+00
1.774896274099443172e+00,-6.209197598911202931e+00,-4.763571761787549264e+00
2.350130920119961164e+00,-7.347440440492228220e+00,-8.311997514683266530e+00
2.362831270824805152e+00,-1.136278446201264636e+01,-1.391141451736439372e+01
5.103183019291177569e-01,-1.862038693967524949e+01,-1.537021391117455948e+01
2.603633665624269344e+00,-1.864267177156117938e+01,-9.606932697932903054e+00
7.057835824312166828e+00,-1.113367553980787683e+01,-8.605498063786598095e+00
9.658120544241231897e+00,-5.439425889056353824e+00,-7.345203585098614596e+00
6.429094999632330776e+00,-5.451740186372051156e+00,-1.847302048788223017e-01
6.229126048535799320e+00,-1.085879208208855928e+01,8.513873519308230442e+00
5.705130544479686705e+00,-1.138508095305323486e+01,4.383470955993544749e+00
2.324816754302533983e+00,-8.994162144960558436e+00,-1.180381721792931993e+00
1.906280643489009607e+00,-8.214544225840969105e+00,-1.004806955818744463e+00
3.698955216674465252e+00,-9.039987299006755350e+00,3.346859551896724572e+00
4.564043907909089981e+00,-8.289406536565369521e+00,3.969128713484233906e+00
2.896177450845132562e+00,-6.468827957428958442e+00,1.551156257189643561e+00
1.103942704903632555e+00,-7.064893271045916023e+00,1.156805750630641172e-01
1.768525540201785873e+00,-1.006653177016048240e+01,2.587631760807143966e+00
1.757128213617463297e+00,-1.345360434904062252e+01,2.892912081159124682e+00
1.006938068753161497e+00,-1.299140956988784446e+01,1.182582887473931477e+00
6.701666582564979047e-01,-8.878232000066438090e+00,-1.021828185779054543e+00
1.259791101169888794e+00,-6.754868220821428793e+00,-4.229616636050375078e+00
2.191677496590423324e+00,-9.366361224939254271e+00,-1.773812833752494766e+00
1.196851437778968741e+00,-1.014004212837924257e+01,1.795916188125198598e+00
9.633185489618190100e-01,-9.409280043018654283e+00,8.244517947012066639e-01
1.225307076689557073e+00,-9.158572644496585369e+00,-1.875754486203934646e-01
1.041955729062237213e+00,-9.387876999999999583e+00,1.720715710179593627e-01
9.038048901090784959e-01,-9.272508023867487736e+00,7.550922653693554754e-01
1.036065835755648479e+00,-8.939852902223709208e+00,7.653981722289933121e-01
1.739378890926047250e+00,-8.886253423423253750e+00,3.091597635958690526e-01
2.526279552649352667e+00,-9.095285677354990383e+00,-3.338613913429138713e-01
2.613859826905873707e+00,-9.418586456111976091e+00,-2.074231296654067414e-01
2.477455318662628692e+00,-9.513231783083174520e+00,-2.616992341873117245e-01
1.858741276950558241e+00,-9.907446610473837012e+00,-3.787803970715704627e-01
3.735791006848676044e-01,-1.108768843932913661e+01,5.923525078800438021e-02
-1.559943650381077962e+00,-1.201567581230884585e+01,1.296345676207212028e-01
-3.124722976522976037e+00,-1.262893049052509831e+01,-1.276342613427972950e+00
-2.596454514611165720e+00,-1.437089248064608604e+01,-4.401455971222620001e+00
3.941212227733772444e-01,-1.620017465426762726e+01,-3.992871771390653191e+00
2.207274679875618872e+00,-1.342638134844689191e+01,-1.826587694729021161e+00
1.805568184711678459e+00,-1.268827695045735737e+01,3.435813226305906021e-02
4.061042477553992391e+00,-1.228375501216301480e+01,-2.324598935157683455e-01
4.811175640056022829e+00,-1.281050041306833265e+01,3.061201744398356350e-01
4.419197273110180291e+00,-1.235794419862422444e+01,5.074174662694689530e+00
6.702923708176452777e+00,-1.423243966141346917e+01,3.298517287960260891e+00
8.180355613435969175e+00,-1.196062715573829038e+01,3.628285164235164895e-01
7.073183762506336514e+00,-1.028390961742563725e+01,-2.031488388206597495e+00
4.584386866577735198e+00,-1.067188226532159057e+01,-3.282592347501134711e+00
2.901329503466791415e+00,-1.024714794839566778e+01,-1.721262764051071592e+00
8.146682300358116802e-01,-9.639632912015475341e+00,-1.694679893959318284e-01
1.599359124214046801e+00,-1.037295844289780966e+01,7.976012323520064173e-01
2.988241807503114522e+00,-8.324497436627154912e+00,-6.444670814181532315e-01
3.647110349969771459e+00,-6.667433948130577548e+00,-8.618915824507061840e-01
3.020338104587485972e+00,-6.296252986876444524e+00,-8.552868496729424397e-01
2.445353628800256196e+00,-6.011767018653595862e+00,-6.442988778029022923e-01
2.348422669616350156e+00,-5.813804030383649568e+00,-5.744739957571235456e-01
2.135658616402261067e+00,-5.616584196268100015e+00,-3.126828632931744067e-01
2.240662071038880043e+00,-4.304886522557620054e+00,-3.176313326348407795e-01
2.371002084716655300e+00,-2.976963540081515980e+00,-7.727161085354236070e-01
2.421483508730538858e+00,-2.369991384788423083e+00,-1.556885830271321325e+00
2.068099208263980859e+00,-2.672942064060681133e+00,-2.378703813204995576e+00
1.585713410891783859e+00,-4.221367077297733417e+00,-3.270317980003611513e+00
1.919728257179589281e+00,-6.347545627308621263e+00,-5.523723190739341149e+00
2.780982787219000052e+00,-9.964783319021014663e+00,-9.887704070894349329e+00
1.912891027836634894e+00,-1.630763612507340810e+01,-1.672795543907220406e+01
1.541475749261297379e+00,-1.958108100000000107e+01,-1.475532853562515001e+01
6.290494869915096210e+00,-1.371002607250613892e+01,-1.214813799999999944e+01
1.024624045521003346e+01,-2.646659557429114518e+00,-1.028341977098488513e+01
7.283613076509807271e+00,-3.987241528348977937e+00,-2.931297292839526669e+00
5.789470788231680487e+00,-9.605911266842017682e+00,8.154300226477808167e+00
8.672289599956613415e+00,-1.420783422075464841e+01,1.035638912953875490e+01
5.873681637650836507e+00,-1.296174262078600492e+01,-1.794618866162022375e+00
1.635593974661772920e+00,-8.572641541003729770e+00,-6.671436468092895922e+00
3.885509998033542800e-01,-6.064467762011140906e+00,6.330903660924532828e-01
1.980076748903455863e+00,-5.828064230586186056e+00,5.513624540107949556e+00
3.973097974913311070e+00,-6.770720302104610511e+00,5.955395370278679934e+00
3.664985464161889084e+00,-6.407887321931895031e+00,2.946168121976392662e+00
1.867431129162702153e+00,-9.058522990156193444e+00,-1.838440796878737515e+00
-5.585967665067105292e-01,-1.409581435383164560e+01,4.219853244941846881e-01
-2.821735888034972106e+00,-1.483015511458022573e+01,1.016326533659275499e+00
-2.957353477326523095e-01,-1.175439251964091447e+01,-4.038964994045288748e-01
1.304352845889422685e+00,-8.138803247184515754e+00,-9.406676817004334668e-01
2.660535585068185327e+00,-7.347907109316501817e+00,-1.948221036866275790e+00
3.337830077358493241e+00,-9.004017615834682076e+00,-1.722654207321137498e+00
2.228108612042246417e+00,-9.636984503140743286e+00,6.411310337557928341e-01
1.331335031001151581e+00,-9.474964277571775284e+00,1.420744365419276178e+00
1.065618941051300617e+00,-9.241122805690050512e+00,1.401355682102601419e+00
9.382975154900727865e-01,-9.022686281756993054e+00,1.049763213936380390e+00
9.680733989015318786e-01,-9.189512179868746244e+00,4.592450000000000143e-01
1.271575577397045631e+00,-9.466905930607488528e+00,5.211225169202253760e-01
1.902389450871603049e+00,-9.117109676670104079e+00,4.998587081626046924e-01
2.438952863826747919e+00,-8.935599483807127541e+00,-2.632457288639165061e-01
2.628097248884888604e+00,-9.001220437670660601e+00,-9.586065400000000070e-01
2.023595526530046484e+00,-9.944100466483734024e+00,-7.531459341327969570e-01
6.197652520209325777e-01,-1.058387721144127269e+01,9.084897098900091006e-03
-1.308304270738609665e+00,-1.167014555595843994e+01,-9.100280715422426336e-02
-2.910261465037919493e+00,-1.321837910434351393e+01,-2.304742795233613861e-01
-2.959679480357278347e+00,-1.425412225287609580e+01,-2.683318873604045862e+00
-1.233657264885702931e+00,-1.573429200840562636e+01,-4.183997527719490961e+00
1.617275586221805561e+00,-1.449230214430071229e+01,-1.860236394890858236e+00
1.603662789968857583e+00,-1.367975200000000058e+01,2.058244141554770729e-02
2.005155263262656362e+00,-1.341898295626965165e+01,5.822762007127506995e-02
3.944229185955325789e+00,-1.323328063185239856e+01,1.242157973115212144e+00
3.544594651295845722e+00,-1.186587954122487432e+01,4.328466651159016187e+00
4.483017429356110028e+00,-1.288245602429145897e+01,4.415781778032973115e+00
4.867481386324713277e+00,-1.193108645043362692e+01,-7.384639164871478201e-01
5.318987643276284594e+00,-1.052239394958913721e+01,-2.743392486552569842e+00
5.146829959263202525e+00,-1.079065052953686532e+01,-2.496237764442629015e+00
3.713603790790412695e+00,-1.044897853761277062e+01,-1.757908919773040646e+00
1.677027600723471679e+00,-9.821482624095660086e+00,-9.289332739093566493e-01
1.715839663797841252e+00,-1.007397438360407982e+01,4.684181857233943869e-01
2.150265266631232741e+00,-9.852481764915264506e+00,-1.374656413248858344e+00
2.184856700000000096e+00,-8.932934415127181893e+00,-1.503666279669448436e+00
1.836615650501241870e+00,-7.412553568371312629e+00,1.026086609169442748e-01
1.758579395046356408e+00,-6.064751734935320826e+00,-2.886179559136413664e-01
2.051905633790747085e+00,-4.651808952902557692e+00,3.725352437018891044e-02
2.206364345418739603e+00,-4.128604749947090369e+00,4.181970073696483770e-01
2.599407646299879193e+00,-3.534631291541181941e+00,7.992471511362698733e-01
2.921445996347720619e+00,-2.971378485113718604e+00,8.056424043487619979e-02
2.689737220106390936e+00,-3.173270528641639388e+00,-1.098454580405324066e+00
2.305686478932867711e+00,-3.830051587248468614e+00,-2.002921481981685403e+00
1.902662651885377532e+00,-5.097101190427163253e+00,-3.510107538446929798e+00
2.013094821111177879e+00,-6.960272777792059884e+00,-5.588162886832507503e+00
3.334012926990983949e+00,-1.029671906906865964e+01,-9.644500011023485087e+00
4.101999624458393612e+00,-1.616830542316549923e+01,-1.511513463997319207e+01
2.963073429254160285e+00,-1.942159401312894573e+01,-1.334544813886508230e+01
5.281074272435904327e+00,-1.633190119542620877e+01,-1.151795780528600233e+01
7.622238260490103556e+00,-3.956187199504529683e+00,-1.071115954271345494e+01
7.166612312944611318e+00,-1.356974908707117233e+00,-5.241821135825820654e+00
4.260162098363990069e+00,-8.124398039309697950e+00,4.947619016859230001e+00
7.682835982126800189e+00,-1.434946071723529926e+01,1.185942859892623602e+01
7.486574023359985119e+00,-1.378726778641823714e+01,2.378172072861406861e+00
2.043252382684280999e+00,-1.006534739770221165e+01,-4.608335298968903260e+00
-4.003983209851287306e-01,-7.551235167036921325e+00,-8.648124422244038989e-01
1.130827659693026899e+00,-5.611459589389381719e+00,4.969396020572860451e+00
3.240016700681247475e+00,-5.222069706704523639e+00,5.918537941355115350e+00
3.629917773886664811e+00,-5.805212147510467879e+00,3.642452615444096153e+00
3.276293083449062671e+00,-8.445565240855032130e+00,8.747679980862863580e-01
2.646468717046622121e+00,-1.466005472403018572e+01,-6.870485786216474766e-01
-1.683466695220169118e+00,-1.579008279257723046e+01,-3.066565777157677086e+00
-1.437938562658054753e+00,-1.115252442329829030e+01,-7.354729456650024311e-01
1.178796361381870161e+00,-8.943352681247057845e+00,7.773080839208534876e-01
2.528303056101955715e+00,-7.894821921344083115e+00,3.318919939611888470e-01
2.844017643761918457e+00,-8.254995305086643143e+00,-1.311982262624050710e+00
2.611457052834991188e+00,-9.467290506124552252e+00,-8.718034743919609308e-01
1.785499589192241388e+00,-9.358612141136042339e+00,7.950728983346604384e-01
9.349767034505549468e-01,-8.623688634596987868e+00,5.091374796096812538e-01
7.286846599999999841e-01,-9.492132448337459394e+00,6.010451695842632391e-01
7.932463985680847651e-01,-9.775037117186649027e+00,8.061056912016759668e-01
9.811389130274081882e-01,-9.018240407866667141e+00,4.029141268414788701e-01
1.537456188475315955e+00,-8.908675175588482986e+00,-1.676043583625579925e-01
2.151152154177659259e+00,-9.315530693849584765e+00,-7.336227798284614687e-01
2.422693057082277779e+00,-9.583226292006402858e+00,-1.613798363744858522e+00
1.978246605077458309e+00,-1.023069643935808593e+01,-1.732973728834489080e+00
6.152710421430241938e-01,-1.057554978449702077e+01,-5.448022488664695517e-01
-1.035857168428029107e+00,-1.172064455192258237e+01,1.532226714874542622e-02
-1.811398628767954655e+00,-1.334255862775220614e+01,-8.425886998980842701e-01
-1.410636778357585719e+00,-1.465364312420837223e+01,-2.219231634341239268e+00
-1.125623525710112371e+00,-1.652335548579775093e+01,-2.775581811434831625e+00
-2.771516622799622409e-01,-1.621720043407906431e+01,-2.857623418512612368e+00
9.124972386648380063e-01,-1.514535211783622692e+01,3.918234797643384559e-01
2.754221127799992619e+00,-1.316137001311779109e+01,1.341575008659864565e+00
4.350109781574460044e+00,-1.096840923805787149e+01,9.860196236804319447e-01
4.560243694714857021e+00,-1.099449717321920339e+01,4.173073224881049370e+00
5.206661882208694081e+00,-1.137829870923363274e+01,3.073088523789471171e+00
4.535135484626180435e+00,-1.104005150395179413e+01,-2.949623502950785792e+00
4.326436194864414553e+00,-1.085076899456050192e+01,-2.337042678380948146e+00
4.636721685844623408e+00,-1.030963011592924161e+01,7.577097973157769228e-01
2.955053391512756811e+00,-1.112966189361209501e+01,-4.825493220230725466e-01
1.616878559870641219e+00,-1.270965888903569407e+01,-1.412695723460904773e+00
9.060530301539522213e-01,-1.265495771493646693e+01,1.433675824329407877e+00
8.608651842941539289e-01,-1.037196042533516405e+01,-1.935306586296865750e-01
1.558136946127909761e+00,-8.264203403313839402e+00,-6.656164654048043472e-01
1.743573632979997345e+00,-6.649029203930667542e+00,8.431925084562921224e-01
1.792319345063787539e+00,-4.946657280632000386e+00,1.184139784899363335e+00
1.829513576047848922e+00,-3.688712764590275306e+00,8.964587291040300165e-01
2.140181939973515135e+00,-2.811130021558623682e+00,8.751355364466237852e-01
2.388480197328459731e+00,-2.539436677634949291e+00,3.923720550000371343e-01
2.382743018704159610e+00,-2.413581000000000198e+00,-1.212331298697604531e-01
2.383262956111338760e+00,-2.854798778926107783e+00,-1.259432696413604225e+00
2.248762501561501370e+00,-4.844160796448836237e+00,-3.320919913079979580e+00
2.360909853266308200e+00,-7.424942060986703396e+00,-6.490903454109336224e+00
3.932352493067959198e+00,-1.202881236612311966e+01,-1.255345809151574521e+01
5.421981454617246676e+00,-1.808093858016085065e+01,-1.545048085531698057e+01
4.399514677336390456e+00,-1.928907903200916962e+01,-7.699598075036250933e+00
2.736494093272410666e+00,-1.260564729897017777e+01,-8.186575486770131249e+00
2.938183985952623978e+00,-2.859870120323799281e+00,-9.928637363523431958e+00
4.786583887887213784e+00,-2.811521094381780106e+00,-5.177712283547996286e+00
4.241296829185715822e+00,-1.279619536288925374e+01,2.709868642988952026e+00
6.662575842316040386e+00,-1.913171443443243902e+01,1.384971825356345887e+00
4.435091903506909183e+00,-1.533085918466030861e+01,-4.512398803715315765e+00
8.149944705926119859e-01,-6.761025400061610569e+00,-9.105493862950697626e-02
1.997591717243167420e+00,-1.645848846152208722e+00,8.663283864760604747e-01
2.651182303515672523e+00,-2.064027861676418496e+00,3.230699848250814021e+00
2.123599189522847652e+00,-5.898990485454556065e+00,3.200985958873961756e+00
2.480595840473373004e-01,-1.130713543190532633e+01,2.275480373662605693e+00
1.020517201526950135e+00,-1.295398458019479904e+01,2.629819539522569638e+00
2.051737745011887437e+00,-1.415763703434378407e+01,-3.525561374702816941e-01
4.019367207384939578e-01,-1.315787014339337091e+01,-4.632761271633745181e+00
1.257391798782468761e+00,-9.810992148353937736e+00,-2.291969981967672432e+00
2.204334967798105449e+00,-8.290810339910432702e+00,7.634556413599864477e-01
2.657785706014327509e+00,-7.715805189909858974e+00,1.605583048496418197e+00
2.822878050689302754e+00,-8.376174527605700249e+00,1.408706244398316043e+00
2.788019682329061943e+00,-8.453247523493592652e+00,5.311046275214608148e-01
3.012907607034208457e+00,-8.385625939965143161e+00,-2.419969011688710980e-01
3.119698465401032905e+00,-8.860303984690183654e+00,-3.625333044791637788e-02
2.633744179105699246e+00,-9.075863391273806258e+00,8.698645253658026100e-01
2.818413903046361746e+00,-8.839904868770432245e+00,9.280326484768190998e-01
3.227475643326488175e+00,-8.137103118262793089e+00,-4.964870331436241346e-02
3.514830797635561499e+00,-8.798474936988183615e+00,-9.956783755601885666e-01
2.990349600356079662e+00,-9.587654622767669110e+00,-1.191849498461089674e+00
1.961420557995425806e+00,-1.032047103458276993e+01,-1.631296789681365267e+00
6.671665029055813267e-01,-1.192923735480509606e+01,-8.167881266412803098e-01
-6.906126050726393295e-01,-1.285722545095606861e+01,-6.495009850255426542e-01
-2.147540943904221233e+00,-1.273861490015828757e+01,-1.154435608760668419e+00
-2.110502087084893397e+00,-1.409535413072015153e+01,-4.078228284795283543e+00
-1.215936275486444007e+00,-1.723163578908570415e+01,-3.683285891216584673e+00
-2.316266757892184280e+00,-1.533055249832393407e+01,3.282171949633683194e-01
-2.307881382465580611e+00,-1.445020527770770613e+01,1.587714442342915255e+00
1.413918426533776085e+00,-1.306276274614362798e+01,7.498129464240441688e-01
3.288438780588623711e+00,-1.193243211386931257e+01,1.700623268693535861e+00
3.072747886532770423e+00,-1.137075120264635508e+01,2.828580492189983531e+00
3.717095619487255309e+00,-1.260506400089139767e+01,1.465743654697785558e+00
3.201879211229904598e+00,-1.094752205614951990e+01,6.606229353985126895e-01
3.313198293892992474e+00,-1.097088982973842519e+01,-2.353106647527568596e-01
3.158134685332873559e+00,-1.162755187817456104e+01,-1.455234932875794307e+00
2.305175122577129976e+00,-1.037844005644282497e+01,-2.310123765463363732e+00
1.588292871156531838e+00,-9.641909893246150887e+00,-7.378009078648362085e-01
5.027773294543567140e-01,-1.031067981330325978e+01,-9.568304835645915496e-01
-1.679524084951111718e-01,-1.119979831175250773e+01,1.164649249127565067e+00
-2.820298478904267880e-01,-1.104149022921585299e+01,7.979994270117382049e-01
4.290566291444522506e-01,-1.008117048212857725e+01,-6.564177940434237635e-02
1.103228530471709101e+00,-8.470832659342267590e+00,3.762786681619401108e-01
1.909716725087495792e+00,-6.687619598790086606e+00,9.550749918955061535e-01
2.453098799999999802e+00,-5.973780154877176507e+00,1.145420854877177819e+00
2.599103667094175396e+00,-5.502913778902713382e+00,6.928050783595254281e-01
3.179366009037008389e+00,-4.984679432717029179e+00,2.553344423973238908e-02
3.240534745254922022e+00,-4.584287426007181310e+00,-9.226202792935959129e-01
3.034611465283812315e+00,-4.151410748072364321e+00,-1.814483888115068000e+00
2.501809081541638058e+00,-4.179146226706166090e+00,-2.429079210750172635e+00
2.128084635034349414e+00,-5.406115458481147940e+00,-3.327548353930441571e+00
1.479962030639990100e+00,-6.727983241811140935e+00,-4.721063478036706229e+00
1.341809699999999994e+00,-9.033688646294958602e+00,-7.614707216587057736e+00
1.373266920522913548e+00,-1.555455545962348118e+01,-1.275842200116515457e+01
1.169544490494512257e+00,-1.947145817601065332e+01,-8.895996826619606779e+00
1.804333738614946725e+00,-1.442602175164177680e+01,-9.208484465100152505e+00
3.674145116897312491e+00,-4.480256159076404288e+00,-1.155869062723275675e+01
3.739303959735637672e+00,-5.630723355726166446e+00,1.450913860397706756e-02
4.356837394755812554e+00,-1.314007583619871511e+01,7.802504114596023221e+00
6.148248018353212885e+00,-1.760049249353294343e+01,1.593712205629667977e+00
2.991205939768308841e+00,-1.322234265683583843e+01,-5.464568038786678628e+00
9.265510302454590397e-01,-5.835474719280061784e+00,6.998312292210770447e-02
1.100647172786852757e+00,-3.481632001032609836e+00,2.268346901297634943e+00
1.258960280829146239e+00,-6.079714377687468918e+00,4.290642718880942397e+00
8.889593841869264379e-01,-8.309439477003946806e+00,4.704586930351291940e+00
9.807634603909645143e-01,-1.067834169362662955e+01,3.824867468702015660e+00
1.884700067044744021e+00,-1.439326240559723225e+01,-1.688971358791029331e+00
2.394501008455724556e+00,-1.355294882902597564e+01,-5.009108065725797587e+00
1.103514992912919102e+00,-1.055642108140416902e+01,-2.185435512797109237e+00
6.215609175466901837e-01,-9.107320449286790520e+00,-4.223762587155559523e-01
1.064827763707073771e+00,-8.698112500000000580e+00,1.107597726003329397e+00
2.100128150256801440e+00,-8.660465741006747820e+00,1.577273881800220989e+00
3.010624537506395804e+00,-8.593810927735392013e+00,3.575220180982334739e-01
3.402606462378999996e+00,-9.062898031457530479e+00,-1.327712467664443619e+00
2.926844365572806694e+00,-9.356687884541525335e+00,-1.118658961576007860e+00
2.585296921735724673e+00,-9.594254508274767446e+00,-1.988960062786788718e-01
2.090472499460471756e+00,-8.826194907211780460e+00,3.339956292970359675e-01
2.382781023544993104e+00,-8.583151000000000863e+00,4.180158368478913422e-01
2.912942399999999932e+00,-8.859542593810125766e+00,3.720314571921919944e-01
2.995524151595649887e+00,-8.972294837797086586e+00,-4.022581569300955062e-02
2.952310555629455102e+00,-9.335037961320699296e+00,-7.768096309444071368e-01
2.695858265451851032e+00,-9.965057531374663213e+00,-1.640476866852249360e+00
1.883639810189453145e+00,-1.082831245986738722e+01,-1.844869358760022227e+00
1.776379195370950015e+00,-1.175911594754519207e+01,-1.018397667646802729e+00
1.705677145060201738e+00,-1.136119862273618075e+01,-1.932199414945893645e+00
-1.793324497022850406e-01,-1.171365909282557283e+01,-2.517953002124215356e+00
-1.157317698235969416e+00,-1.346418081395087363e+01,-2.580870663077355243e+00
-7.729341905113269739e-03,-1.583135095362204581e+01,-2.941246968110220017e+00
-7.737966722897596794e-01,-1.507010619624729664e+01,-1.651252077811478092e+00
-2.900472929551557666e+00,-1.485763672390032042e+01,-1.261395960220649926e+00
-2.545568455167963151e+00,-1.434101644839677547e+01,-1.052163371946180259e+00
-7.162176299996446671e-01,-1.196068597338779682e+01,1.423227185799921468e+00
7.143784278918900998e-01,-1.196104428028698230e+01,4.610952888653041093e+00
7.122387756007936277e-01,-1.207105225001216553e+01,5.084985482707079285e+00
6.665723362762066007e-01,-1.133662618842075709e+01,2.336469374021756362e+00
1.103217332834843134e+00,-1.111301944709050282e+01,-8.414006327672408636e-01
8.766548848899298196e-01,-1.093586722124202026e+01,-2.045239807916493735e+00
-4.418421623642962426e-02,-1.042929825209559880e+01,-1.116966852123951526e+00
-4.947590679490758703e-01,-1.094638294808159351e+01,-1.147401868681385162e+00
1.473853364537529576e-01,-1.252281291429603272e+01,2.265958966522000129e+00
-7.884375170934710964e-01,-1.175679747651249230e+01,3.183377352084186818e+00
-9.126387879392794389e-01,-1.035279906851939025e+01,3.370281888865776843e+00
-2.363833422605098600e-01,-9.152222111159886708e+00,3.563190200000000196e+00
1.372165685132613056e-01,-6.782724436038336080e+00,3.551776709978303970e+00
1.073136420919635015e+00,-9.195414154479898627e+00,3.134451876735117604e-01
1.139210102708592798e+00,-9.302176134626336079e+00,7.604186999999999752e-02
1.614629779390551745e+00,-8.936041008424643550e+00,7.280615929388472019e-01
1.385537254693998577e+00,-8.364044041791817818e+00,1.684426406910505936e+00
1.020120693270856638e+00,-7.602957573083426013e+00,7.879904916424708139e-01
8.343324065958579450e-01,-8.137332564598628082e+00,-6.974321435534870384e-01
7.991965149757943032e-02,-9.712607849389808479e+00,-1.182646341113590349e+00
9.048587388763139339e-02,-1.136686920398381062e+01,5.184176568450632461e-01
1.385974395571705209e+00,-1.126985271282958934e+01,7.682530182985206624e-01
2.783837985398657899e+00,-1.007616278828009371e+01,4.157166010307938309e-01
3.551870806455398988e+00,-8.961668989241001526e+00,1.354802831462108559e-01
3.133492462080527563e+00,-9.749518997906728046e+00,-1.974510924161055003e+00
5.129737267336169637e+00,-1.320118131910196979e+01,-4.565397654952452200e+00
6.641897955346885318e+00,-1.197111398169454333e+01,-1.837947570390247698e+00
5.398341515694999870e+00,-1.001745199096660599e+01,1.182402166844214841e+00
2.339577868260158677e+00,-1.047951866423265876e+01,-6.000691826991287614e-02
-2.311758366344678350e+00,-9.676058227729530614e+00,4.064811886915894235e+00
-4.045557318513129275e+00,-1.014723757264486004e+01,6.533494938418719755e+00
-1.906893573150156618e+00,-1.264641622790843734e+01,5.944472507068013556e+00
-2.747241482357064557e-01,-1.454058777104433808e+01,-8.475345974435638530e-01
2.203433216897735303e+00,-1.081830586867258148e+01,-1.443460139232722872e+00
4.689339054831858533e+00,-7.306932633805816479e+00,-1.594868024135226159e-01
4.304007374707605749e+00,-7.670982898911619330e+00,-2.810166768050849084e-01
2.662428019499917031e+00,-9.751230074794094094e+00,3.829453868200612815e-02
7.950001331233097490e-01,-1.155554188522569348e+01,1.938874332294708847e+00
-5.524931549985870327e-02,-1.060189264097447648e+01,1.987979251246607681e+00
1.630357118993339904e+00,-9.223146391099296793e+00,9.523709372567268350e-01
2.468243559547508070e+00,-9.487082968917615489e+00,-1.455439598254055500e-01
1.270762775554521884e+00,-1.051021482512661898e+01,8.965742856695936291e-01
1.283365780885967755e+00,-1.022000633076066656e+01,1.649672366842990900e+00
1.345836955736164686e+00,-9.977731249666746294e+00,1.140787134953267667e+00
1.423737508412629360e+00,-9.860108557292596387e+00,1.247455014981664112e+00
2.856799203096945128e+00,-9.181869596829233870e+00,7.816977173205321705e-01
3.053436711341020349e+00,-9.502921198692337867e+00,-2.816694079836115083e-01
2.741894399782888847e+00,-9.678120522222030786e+00,2.982198664261164200e-01
2.033841106124830045e+00,-9.756427590036105713e+00,1.145057927589464120e+00
1.169112789469287650e+00,-9.776905686705879006e+00,1.104354788179366498e+00
6.983434779873545217e-01,-9.957363256034778232e+00,1.725484667552066309e-01
2.066419111268848197e-01,-1.043321436002152680e+01,2.148815326161196693e-01
1.481755001377152992e-01,-1.036609950185714446e+01,3.323786444310847799e-01
1.857710291307580475e-01,-1.035402878042488339e+01,-3.790870666064077854e-01
-5.458354453657927596e-01,-1.116465566811420551e+01,4.367308687395143885e-01
-1.091658908691550245e+00,-1.205512896137705781e+01,1.935992842584178142e+00
-8.445378098621625362e-01,-1.297040157586985742e+01,1.021583638929122184e+00
-3.560928081723812033e-01,-1.284314712482313148e+01,-9.301571726053817213e-02
8.440697763574619983e-02,-1.260298119790460447e+01,2.151358881475629037e-01
2.091846692551654119e+00,-1.197299487028950438e+01,6.484944248123944432e-02
4.005074206464619202e+00,-1.096295322326299626e+01,-6.013271953784283808e-01
5.085862014161372180e+00,-1.072647534881618192e+01,-1.302605634745446439e+00
4.497525452867644269e+00,-1.002391010398728177e+01,-1.545110312094285288e+00
3.175887509923298158e+00,-8.881897664344457155e+00,-1.045581910185709118e+00
2.314321309806586680e+00,-9.696501569109020835e+00,-3.719699225161672840e-01
2.146536400000000011e+00,-1.176634857635656850e+01,1.390821912610833211e+00
2.387499445691287026e+00,-1.249831904264136284e+01,2.767232342471218409e+00
2.757660353659527885e+00,-1.089841469816515662e+01,2.159420768724078066e+00
2.901828687552192143e+00,-9.710533410603389370e+00,1.353060625897891889e+00
2.742700735090047637e+00,-9.524198735090047663e+00,8.192069352702462393e-01
2.903911890301667409e+00,-9.302206813867369917e+00,6.193581918059720692e-01
3.336636040034881567e+00,-9.618341843813961844e+00,-1.129724695302357196e+00
3.860121804076891205e+00,-9.541074674320416449e+00,-1.686608359971935922e+00
3.557824909235068667e+00,-9.954792033685825103e+00,-1.167512408730638773e+00
3.035524845302525421e+00,-1.147009084899158182e+01,-1.076041829323745071e-02
3.321308141986111018e+00,-1.068848817565918097e+01,-5.888365228609835356e-01
3.512775425178146449e+00,-8.987281791349339244e+00,-2.053728816708114913e+00
3.759737518506057974e+00,-7.711615010249438740e+00,-1.734843590901524069e+00
4.069726998122160211e+00,-6.433626494697674225e+00,-7.682008319801524321e-01
4.303480509657709341e+00,-6.322252800000000228e+00,-8.273385031402131773e-01
4.151752595223769049e+00,-6.421720379766314934e+00,-1.001326942274872955e+00
3.844070730974203265e+00,-6.400382142448677314e+00,-1.367200752548237919e+00
3.644690766839898455e+00,-5.687288062726104876e+00,-1.793413074610228808e+00
3.252834722516166899e+00,-5.146873059432879316e+00,-1.953854848906635411e+00
2.486541980940713881e+00,-4.844830562100298721e+00,-2.240595256457506679e+00
1.909716739001160901e+00,-5.076587325554523744e+00,-2.926737915997676964e+00
1.193737067818090969e+00,-5.494481286134186959e+00,-4.001099338371770564e+00
1.003393896772592386e+00,-6.251597491199896162e+00,-5.166699590820985399e+00
9.844716815049465719e-01,-7.676232257707204631e+00,-7.435052580629037067e+00
1.628869226025237094e+00,-1.018910010167501312e+01,-9.815245969248511670e+00
2.459705537784201645e+00,-1.402323952898895598e+01,-1.104345519870390824e+01
4.931487599960310497e+00,-1.644508948411366589e+01,-1.128591917651051268e+01
8.024889466683591266e+00,-1.329769085715281918e+01,-1.029210213137319130e+01
8.256411178784073712e+00,-8.993171648024574694e+00,-7.134551630412724776e+00
7.577705322003573052e+00,-7.611389689806570047e+00,1.094323787726602104e-01
7.350925362982044575e+00,-1.166774699528076908e+01,5.996058189168505415e+00
6.533599792936786166e+00,-1.215838011360241211e+01,4.830832260126001643e+00
2.759666975190275373e+00,-8.140852540960906936e+00,1.105497848952728734e+00
1.331856572285603724e+00,-6.089060948918481486e+00,-7.660444622264448444e-01
2.002191589613018685e+00,-6.813374448098397984e+00,1.503639781101953954e+00
2.276143203602607468e+00,-7.841060998444033814e+00,3.735170049416512761e+00
2.315783190779653999e+00,-8.704501101767757376e+00,3.192751016233468686e+00
1.524354256183291234e+00,-9.384712858287134196e+00,5.883743226767818024e-01
7.085383503959059581e-01,-1.146862823410991439e+01,-4.343708043814219488e-01
1.051518964640525688e-01,-1.309343715814145703e+01,6.338170033204730824e-01
7.856505136840246095e-01,-1.268395624781339492e+01,1.264104411910025316e+00
1.380130000000000079e+00,-1.028990447533957742e+01,6.998299487425778675e-01
1.160450083095126317e+00,-7.931880148713430501e+00,-1.597673765017987579e-01
1.500551665354485920e+00,-8.399465911427904885e+00,-1.100990468546045320e-01
1.689610132731429015e+00,-9.691522754465534462e+00,3.295655706588450085e-01
1.102863548152980933e+00,-9.624557150378828752e+00,6.945814328956932959e-01
6.390769887347704792e-01,-9.327082810908111199e+00,9.447324760840213331e-01
2.519269323754615986e-01,-9.686805637483715259e+00,2.782728882630512990e-01
-1.522693528700754528e-01,-9.864085263841470663e+00,-2.688409399999999727e-01
4.522493140936972855e-02,-9.835872271599225058e+00,2.328571557256052804e-01
5.489098507334211341e-01,-9.384882780073386499e+00,6.744481753625266585e-01
9.626475972994990027e-01,-9.243068314351537751e+00,1.486414360677736080e-01
1.467137794902931613e+00,-9.236851549907900250e+00,-3.409716588852398367e-01
1.862548682954555224e+00,-9.119635999999999854e+00,-4.378675790091491882e-01
2.051345172259694039e+00,-9.087498616822541564e+00,8.023304861308006020e-03
1.802011236682975470e+00,-9.186800515755020768e+00,2.764040110657445259e-01
1.036045548498629731e+00,-1.028230595733526265e+01,2.969904006436162036e-01
2.552020973678619242e-01,-1.156823549245621763e+01,-3.357370368397046279e-01
2.151692876227252194e-01,-1.238442189026589979e+01,-2.038728495772681892e+00
3.360652880094185946e-01,-1.254897653285591907e+01,-2.466308919333266569e+00
1.908765207336713399e-01,-1.312806771002789930e+01,-1.890846900754601823e+00
9.479045574682142261e-01,-1.334919089260501934e+01,-2.041253698977635977e+00
1.165797052624070629e+00,-1.428586049219649468e+01,-1.622783880282494762e+00
-5.390042552827234434e-01,-1.424576792463372854e+01,-1.257634646877264561e+00
-1.880441616854614750e+00,-1.363139772490576540e+01,-1.164308334810760348e+00
-7.369593499274441628e-01,-1.259022693913818713e+01,-7.247703625955072004e-01
9.046828409918565850e-01,-1.151729330185393607e+01,3.517988203778644074e+00
1.910720255042755555e+00,-1.279850196019690323e+01,5.891434138908276275e+00
1.885313957568520715e+00,-1.255983353034526573e+01,2.691609544567418855e+00
1.629349686961123034e+00,-1.257783785732769744e+01,-1.467042417112237818e+00
1.690324217948078411e+00,-1.275885475963094606e+01,-3.213452204472899254e+00
1.801653399999999960e+00,-1.202052645900094063e+01,-1.204735850874128822e+00
9.327768152252955414e-01,-1.138522024119662923e+01,2.738780417902690334e-01
3.182175121951335672e+00,-1.088088409902605846e+01,2.200315160889454447e+00
4.727977795332104272e+00,-8.137505694317734850e+00,1.915489259649272302e+00
4.793558057152043972e+00,-6.220177036095126510e+00,-7.913390849092746815e-02
3.100140686546300817e+00,-7.037624268247505199e+00,-1.060711376723995514e+00
1.466036058172049961e+00,-7.645449748333771112e+00,-5.393752003911814752e-01
5.785677558768982376e-01,-7.567311779574588115e+00,-6.552083958768982752e-01
8.355043457372911542e-01,-6.663853238883371333e+00,-2.125751591374633875e-01
2.495533648357973089e+00,-5.433444747156443100e+00,2.964604446174541608e-02
3.599923536777345223e+00,-4.697462874838465474e+00,-3.141443691268442917e-01
3.447926032299038823e+00,-4.258968084546355115e+00,-1.159222143280849382e+00
3.076478389463216168e+00,-4.168219501756130541e+00,-2.325185689303950198e+00
2.989583000000000101e+00,-4.360740356516807914e+00,-3.245087442164358293e+00
2.931943743864174667e+00,-5.748401066897837808e+00,-4.469763359600818831e+00
2.894987012678210903e+00,-7.192411236820118958e+00,-5.792748612741768888e+00
3.441503214882977613e+00,-9.353273479013290981e+00,-7.843593897594240971e+00
4.385424527296527764e+00,-1.247221446255220911e+01,-1.082642765005362939e+01
4.592934068837497108e+00,-1.525380653878124448e+01,-9.659805180768548993e+00
3.840876365550979443e+00,-1.414881072247725768e+01,-7.572498397980803375e+00
4.781626043067638498e+00,-1.051267642292426174e+01,-8.782720932375665868e+00
6.513649835969949287e+00,-8.956049315547799594e+00,-9.566669368336162549e+00
6.690215507846675180e+00,-9.426302445073275749e+00,-3.157378529598205752e+00
5.877297497111610092e+00,-1.350171167255386706e+01,3.325271234543899279e+00
3.366185559271936079e+00,-1.382450978155724641e+01,9.027609571109924680e-01
-7.739728932142606599e-01,-8.884993696124219298e+00,-2.029448615117065646e+00
-1.786242512434016216e+00,-4.916942399165480815e+00,2.126711134189389063e-01
4.389315693541906427e-02,-3.820230424135058200e+00,4.081985073496917416e+00
2.564576104822218205e+00,-5.216914989256098423e+00,4.785593843130533820e+00
4.088931243025834661e+00,-7.809038840859614972e+00,3.351179602883029407e+00
4.265094674718858059e+00,-1.124371280627113734e+01,4.153814718397929040e-01
2.723335120521522157e+00,-1.391758975718125235e+01,-5.947078971571474248e+00
6.535421651314341496e-01,-1.099322442683643253e+01,-4.933675288507269663e+00
9.639728574062028654e-01,-9.023929423986842835e+00,2.604365355448812203e-02
1.115777905570827011e+00,-9.251150399466339991e+00,3.182959000759026935e-01
1.618037620421709732e+00,-9.250956030212696746e+00,9.962654123928302852e-01
2.165600664300670442e+00,-8.045073110518798032e+00,1.109096510518797540e+00
2.529046879657975477e+00,-8.032970753499849792e+00,7.881194887812061067e-02
1.953485923691780091e+00,-9.077461533722951614e+00,-1.975028639690101229e-01
1.395824734727344474e+00,-9.518533541379497365e+00,9.316936191034855264e-02
1.591191393753832672e+00,-9.426151900137362816e+00,1.072508347121780448e+00
2.204869634224558173e+00,-9.556291273313579637e+00,7.662973237145211947e-01
2.261497299999999822e+00,-9.340144141105712450e+00,6.613063757550206034e-01
2.209894481776058850e+00,-9.013275391151356786e+00,9.824468491068871767e-01
2.136888196974864762e+00,-9.130755487284087479e+00,6.812627651132217022e-01
2.288264792836382622e+00,-9.662876025086108100e+00,5.091181162080196110e-01
2.488935414385707201e+00,-1.052854607934478359e+01,-3.723773765821865034e-01
2.663479424832719822e+00,-1.098145162559408305e+01,-2.230047126797662926e+00
1.581021418367122067e+00,-1.186731791866223773e+01,-1.474856739311844578e+00
-5.468558399826014549e-01,-1.252657385909765253e+01,1.969341126040939360e-01
-2.667812040878301705e+00,-1.264731506049870369e+01,-2.246205239559652955e-01
-3.045522764881388067e+00,-1.353952776679824588e+01,-2.817256129924220698e+00
-1.824233328885604077e+00,-1.605530499847422021e+01,-2.879009221416133801e+00
-1.236719833200303320e+00,-1.418387086228327831e+01,-1.061582944286481034e+00
-2.459921154804640131e-01,-1.395566704957767179e+01,1.401950446039908149e+00
2.462432729150770605e+00,-1.224951331836517632e+01,1.357481473940606254e+00
2.955630030293953325e+00,-1.064287730966137246e+01,7.771622764849496212e-01
3.816682259630788110e+00,-1.142482566572992297e+01,2.616973800796239757e+00
5.236080570780250021e+00,-1.236247556687698435e+01,2.976418679056778149e+00
6.213452827262571532e+00,-1.232570934862268430e+01,-8.937706176420879833e-01
6.990974291069130153e+00,-1.121372103791452446e+01,-9.339540763156236602e-01
6.206701572559376601e+00,-1.076518078911110621e+01,-1.411105067265617574e+00
4.377707251090573237e+00,-1.040477175181809599e+01,-2.193693592818173776e+00
2.296669856220774353e+00,-1.015918098109483481e+01,-1.569982853557396751e+00
1.771872693872700300e+00,-1.071230480908883820e+01,-6.263453631082477324e-01
1.773079610348264445e+00,-1.086524051676742886e+01,9.696654782512512671e-01
2.427820169511562209e+00,-9.555742571042829425e+00,-7.816565925831644446e-01
2.491419000000000050e+00,-7.316911758439618829e+00,-1.300429249938865217e+00
2.556310953228248195e+00,-5.983807344878671941e+00,-6.017925907151790155e-02
2.866325865154874641e+00,-4.473100655771899525e+00,5.571198442525242545e-01
2.951262700000000017e+00,-3.880076924203326172e+00,1.958156676109043537e-01
2.633449057310723873e+00,-3.478306053891565330e+00,-3.154048294513476791e-01
2.402487030036425164e+00,-3.466666504945362881e+00,-9.694521294769840036e-01
2.353466019048729319e+00,-3.578518319048729524e+00,-1.502754962877117739e+00
1.990335356500225528e+00,-3.704476739384066519e+00,-2.379961704720364501e+00
1.361110895420885258e+00,-4.263110070437724275e+00,-3.148586118666659495e+00
1.719570818288479019e+00,-5.516354590210017506e+00,-4.479918070638495564e+00
2.600014195923213034e+00,-7.294317903801347924e+00,-7.643162272944305613e+00
3.515474311684601894e+00,-1.168368411967389342e+01,-1.248783086510836426e+01
3.215455688576182691e+00,-1.752543068999617404e+01,-1.490959999782308820e+01
2.149458566785420022e+00,-1.922432873134547648e+01,-1.060072885169097212e+01
4.636310649062213685e+00,-1.159500069935713107e+01,-1.081094144540112190e+01
8.276322945920231433e+00,-5.139020269532533547e+00,-8.394210221058969523e+00
8.520761475342670366e+00,-7.063421244009541411e+00,-7.120670807467536223e-01
7.987879188746497050e+00,-1.218549857898122646e+01,9.180162954547956389e+00
7.535052773517916691e+00,-1.475544266795098380e+01,6.682466683391008466e+00
2.961971223283517585e+00,-1.121728944229655056e+01,-5.136329536402184814e+00
2.523680570926085109e-01,-8.196752170615653199e+00,-3.379918091759506638e+00
1.790077597428448186e+00,-6.674770803441150591e+00,4.480067254486146844e+00
4.033615090172929740e+00,-6.743951050205581055e+00,5.605122642251070708e+00
3.617372985500110438e+00,-6.610297444545501833e+00,1.941407100302092070e+00
1.599841078026358776e+00,-6.964238791940149831e+00,-1.208305858452749071e+00
9.682591216404046186e-01,-8.651489303126398411e+00,1.117252354632549682e+00
1.679716066116275552e+00,-1.125229338581987548e+01,3.631135359928378215e+00
1.495090999999999948e+00,-1.303808052418727925e+01,3.401103380834540779e+00
1.393061867554003852e+00,-1.234020454197866457e+01,1.546808776095994098e+00
1.168506233146791251e+00,-8.855899148894323503e+00,1.255525857344667318e-01
8.051891354520472888e-01,-7.111451060333430441e+00,-2.651828452279958448e+00
6.215246711317533590e-01,-9.267168601344533130e+00,-3.212890404731143512e+00
8.126435228921167209e-01,-1.008418993815718423e+01,5.545671230143627284e-01
1.211506088793616875e+00,-9.803278769690027872e+00,8.700358194391768496e-01
1.313929576406014821e+00,-9.719303636520002954e+00,8.449225328954353964e-01
1.030559071337510346e+00,-9.100883225491905648e+00,3.638519452791088571e-01
8.649014064932861734e-01,-8.977056879710968218e+00,-1.113684153532715493e-01
1.055151837364793455e+00,-9.206228064950256140e+00,1.129908509139123107e-01
1.503823652163095659e+00,-9.176671556366970961e+00,7.039607188022625195e-01
2.069408707584026619e+00,-8.979209160235395615e+00,2.301752982781338774e-01
2.252396056094044141e+00,-9.382928743488808010e+00,-5.552856141453659244e-01
1.190154209231943927e+00,-1.033893251045888917e+01,-1.991531541736985267e-01
-4.810723538637141083e-01,-1.045842171595676362e+01,1.263971600000000084e+00
-1.619614472778379888e+00,-1.063923454346230812e+01,8.763315731984095969e-01
-1.933686038516083672e+00,-1.204043774902668673e+01,-1.276739861698579448e+00
-1.433618290237651305e+00,-1.359872232585898288e+01,-3.150050429605296021e+00
-1.370060156378506699e-01,-1.575113986439762215e+01,-1.308192289721008317e+00
2.540454544993713704e+00,-1.347522227592761013e+01,8.536089910648261836e-02
2.970435647914036803e+00,-1.383270125416825280e+01,-1.475431711138826429e+00
2.789444823614404267e+00,-1.346816866906761589e+01,-8.477239176115543007e-01
3.963849875032248615e+00,-1.237406053864640931e+01,1.996910991266935165e+00
4.891154291832608081e+00,-1.139874533293167680e+01,9.844288322856004081e-01
5.254313545762164139e+00,-1.134527953885838514e+01,1.342911418332971341e+00
5.897537329779106940e+00,-1.220809072489642588e+01,7.565874400440398828e-01
6.066621518458500617e+00,-1.206622055537550153e+01,4.668540086653392152e-01
4.156896481271991739e+00,-1.185057111277805575e+01,-2.562388295281231798e+00
2.605908970241389344e+00,-1.305463911452629766e+01,-1.923664732995981730e+00
2.446360820835220995e+00,-1.378016653615927467e+01,-6.694223893317005625e-02
3.134642915222621617e+00,-1.168166233910951490e+01,3.666927187582187386e-01
4.380148364593514643e+00,-7.739705817932987841e+00,-2.196193961763446556e-01
4.543068216388011393e+00,-6.029051237153941756e+00,-4.633671743909466012e-01
3.654203571818648300e+00,-5.331646412738641594e+00,-8.973994513047893751e-01
2.717466127596789072e+00,-5.192247074097358528e+00,-1.041781675084707315e+00
2.841187091720753788e+00,-5.378139009524796066e+00,-8.558588637638854246e-01
2.815184417069401146e+00,-4.921603985180955654e+00,-9.985879372679582477e-01
2.325038520973104816e+00,-4.258324894340335121e+00,-1.050136161216737252e+00
1.526590554487245566e+00,-3.816237641179960782e+00,-1.272655511760052649e+00
9.944549083430943570e-01,-3.788168312815670458e+00,-1.848213772189685633e+00
8.924733944791773954e-01,-3.584205108958355090e+00,-2.275714272395887416e+00
8.241661136568112500e-01,-3.832071072753044483e+00,-2.837707029823364202e+00
1.235674566971820099e+00,-4.470378259883625915e+00,-4.182336299706599370e+00
1.839635680414199781e+00,-5.325389644001404577e+00,-6.781575225671690355e+00
3.236864168855349888e+00,-8.654668831894607450e+00,-1.241861655043953050e+01
5.366987177615502702e+00,-1.521362813623540333e+01,-1.610246581380415876e+01
6.905557892201665382e+00,-1.931682923906552674e+01,-1.189013192453144008e+01
5.468732831103636727e+00,-1.457989653723964629e+01,-8.073319431576724270e+00
5.290077084267702290e+00,-6.593609754297474090e+00,-6.556516140452992580e+00
6.139182718470795663e+00,-5.487082125239559183e+00,-3.313124576301209157e+00
6.778336725366533422e+00,-9.552714509063147119e+00,5.194108555385272830e+00
9.351612731708229376e+00,-1.311370443561058252e+01,7.096558076046045827e+00
6.803768209325666838e+00,-1.058179439705815383e+01,1.754088232545360171e+00
2.196084753904286480e+00,-8.197934284681696937e+00,-2.374342909512472399e+00
5.426525462634308461e-01,-7.825630388526008119e+00,5.084513838108395412e-02
1.221717077957527930e+00,-5.722946434932418391e+00,3.756385442197164970e+00
2.494037634128841052e+00,-5.851656024413339097e+00,5.372379160882056581e+00
2.848088940311442663e+00,-7.390878562257468865e+00,3.426039204953200468e+00
2.418655276164333401e+00,-1.117089045844776152e+01,-4.989118906712747270e-01
-1.472772493476388056e-01,-1.635087997142074556e+01,-4.906728396510764867e+00
-2.044063302970601015e+00,-1.411969784733421562e+01,-2.657542984764940552e+00
-4.256364321400465944e-01,-9.350721283229592729e+00,8.278563836761493322e-02
1.641832237234575054e+00,-8.602450593488349284e+00,9.571301162910628157e-01
2.501173357144089948e+00,-8.706473118311532033e+00,-1.197400952249381145e-01
2.980870178903571865e+00,-8.696660355571653511e+00,-3.245868882560108415e-01
2.656476777129714417e+00,-8.732021069082367859e+00,-5.503176419626404359e-01
2.183492165541944807e+00,-9.159592818358760269e+00,5.008399722008479715e-01
1.304211618374411685e+00,-9.148210131119579813e+00,5.865684066310669631e-02
6.212771501823095566e-01,-9.043576026059559680e+00,-9.847252529801450160e-01
7.728032504860996577e-01,-9.765029853461491882e+00,2.996602333312100019e-01
9.384656871265834033e-01,-9.637413583060585154e+00,9.554476416939412520e-01
1.092616155014331403e+00,-8.966577553319702076e+00,7.277101419946097050e-01
1.516975475633226988e+00,-8.961423293864967832e+00,1.357287473877424600e-01
2.100944449834429850e+00,-9.513077237741786263e+00,-4.914913972499899142e-01
2.333733605070417383e+00,-9.862432085679380123e+00,-9.674151321578401408e-01
1.689557928759890082e+00,-1.014096455734227575e+01,-1.188528400000000040e+00
2.424499445834145117e-01,-1.029636969831831905e+01,-3.584105217315128877e-01
-1.604041475106314119e+00,-1.103619594665154757e+01,6.508465399999999734e-01
-2.441319504202042356e+00,-1.246896152359910204e+01,-1.269251323526756070e-01
-1.111560477145660641e+00,-1.415189016352552898e+01,-3.090809933154636369e+00
-1.845940882952615270e-02,-1.619705063293547909e+01,-2.920838137664120815e+00
8.633340075212496689e-01,-1.462841756495304679e+01,-8.249862268339852589e-01
1.240540952743639291e+00,-1.366097975849661950e+01,1.894878287843988415e-02
2.599255814722447155e+00,-1.244195382995039623e+01,-1.203590973033781819e-01
4.739149568901680709e+00,-1.205496010761144277e+01,-2.688409399999999727e-01
4.349101676557884488e+00,-1.162252621004244801e+01,3.166704788439022700e+00
3.652696893856454352e+00,-1.152559477912135932e+01,4.224313516095406840e+00
3.950033441113038890e+00,-1.190704792898695885e+01,5.096975433982855463e-01
4.327673248160520458e+00,-1.135157615271537068e+01,-2.851702596458007388e+00
3.818330524999654862e+00,-1.096568408468485245e+01,-2.008696039004362888e+00
2.933798107447902037e+00,-1.119687542976263650e+01,-1.334656533902297770e+00
1.624938067453308710e+00,-1.090897348678430490e+01,-1.365310815361176378e+00
1.990142405012246041e+00,-1.049709717742569026e+01,5.532121816248081192e-02
2.789925530502795237e+00,-9.855776976504778020e+00,-4.113808839734249823e-01
2.529739399999999971e+00,-8.589454836142961014e+00,-9.737337610818155298e-01
2.384303822987332566e+00,-7.751872634480998059e+00,-2.020073493857567626e-01
2.169573170780303872e+00,-6.759728790924253161e+00,-2.740068007106266287e-02
1.966665718243705285e+00,-5.322016561681078173e+00,-2.547637285159847220e-01
2.383615170062529653e+00,-4.837974455644896921e+00,-3.315153028559940096e-01
2.743524702255236036e+00,-4.190414977382298289e+00,-3.495236645377940432e-01
2.696050984758934010e+00,-3.693493809562879537e+00,-7.133420782435478946e-01
2.614133885477684327e+00,-3.425416770955368229e+00,-1.084749193746062934e+00
2.389781189131685135e+00,-3.697871904282729716e+00,-1.901906281579936131e+00
1.795970179384990484e+00,-4.425572374073150073e+00,-2.848430318904470404e+00
1.422269937464249345e+00,-4.981042000000000414e+00,-4.014128722465798660e+00
1.758847402986408293e+00,-6.048336425815843853e+00,-6.266593387042255436e+00
1.914722724456347169e+00,-1.055640389206083007e+01,-1.102602444814370841e+01
1.181529742782031933e+00,-1.691432715029194611e+01,-1.529539995507243688e+01
1.660921525414085664e+00,-1.946455113638466372e+01,-1.215867028580167286e+01
3.543112838956207877e+00,-1.148097284187188372e+01,-1.068085708753629248e+01
6.478618731965197775e+00,-2.261015650644008446e+00,-1.085487498870327450e+01
6.200419221574366091e+00,-4.826509623282068340e+00,-1.635244941077204084e+00
7.207708999260090899e+00,-1.116707294112827142e+01,9.219024572804007889e+00
8.395369633703012369e+00,-1.455903397977870917e+01,6.600390446490534302e+00
5.164864742007268639e+00,-1.385727998823199592e+01,-5.306371195865876800e+00
1.985257731318208707e+00,-1.241344909833449961e+01,-7.289588445647064319e+00
1.334730927346185370e+00,-7.895071845984286796e+00,1.141024904809585294e+00
2.968692117281891640e+00,-5.135442457451244280e+00,5.913370737487830375e+00
4.004301955418574366e+00,-4.528948628002212651e+00,5.701808772684310078e+00
4.086656502968242677e+00,-5.098063868823422773e+00,2.638247461163871765e+00
3.466547106055723582e+00,-7.339680690356583881e+00,2.180098027327814492e-01
2.145047246642230121e+00,-1.156246575945895039e+01,5.624251699781924740e-01
-3.017027666676872499e-01,-1.564870326009973844e+01,1.515394316963292409e+00
-2.412837203308743905e-01,-1.428350169491519850e+01,1.001100068716623381e+00
6.520440600000000364e-01,-9.356236455409330688e+00,-6.000732632629497409e-01
9.748317043894081380e-01,-6.129484138896933665e+00,-2.371171532289439998e+00
2.070183123984899343e+00,-8.260366186685903500e+00,-2.201653694533902694e+00
1.494361079402629411e+00,-1.080499957362483165e+01,1.054681758567760141e+00
1.027251122898101832e+00,-9.867864649277160893e+00,9.902234482886913547e-01
1.195674412541253950e+00,-9.147433980065008186e+00,3.716887781712680527e-01
1.265168999999999988e+00,-9.348206328386892139e+00,3.216150029583718650e-01
8.746399146730374774e-01,-9.289258916371970543e+00,7.148079305561547692e-01
8.978147874637472103e-01,-9.041676628527055115e+00,9.574091000000000129e-01
1.493051832108832411e+00,-8.878041648517882578e+00,8.690965756738544545e-01
2.429514743112596520e+00,-8.970038683949962177e+00,-4.348495995219830990e-02
3.252887951592555726e+00,-9.471102255953470106e+00,-8.885492071201951392e-01
2.990523352913978528e+00,-9.606918296805437407e+00,-9.917211652772992547e-01
1.722398681723809055e+00,-9.941107915572342080e+00,1.627392953153894983e-01
-3.653563937077479729e-01,-1.023863470987356727e+01,1.875953883856618987e+00
-1.645724728913114721e+00,-9.963088991600411504e+00,1.800861892054469671e+00
-2.682149483833035308e+00,-1.115552034344210952e+01,6.318552689879660678e-01
-2.310604411661069335e+00,-1.326119627422768055e+01,-2.822034117050276958e+00
7.777533012816600921e-02,-1.487048724327255833e+01,-4.487746677794657302e+00
2.815196057454946388e+00,-1.387017570474450778e+01,1.041041535163335502e-01
1.836065373410594059e+00,-1.360408928871508039e+01,-2.305206399999999989e-01
2.066670299507910702e+00,-1.364685098802345919e+01,-3.400625852761734458e-01
5.004924965999324904e+00,-1.357950656984207782e+01,-5.930307741252193177e-01
6.602493704397539354e+00,-1.213192155512778747e+01,2.937212834465823819e-01
6.609197853719548377e+00,-1.094655645045654424e+01,3.050046544050311947e+00
7.113002462449694363e+00,-1.137914296389409863e+01,2.126490101202819005e+00
7.571878343031452019e+00,-1.122925821275073588e+01,-1.124060490354935160e+00
5.438295974797039634e+00,-1.110732850839557173e+01,-2.937172056159828237e+00
2.589909125909111154e+00,-1.133003423726612091e+01,-2.064525370749669797e+00
1.161841824112699317e+00,-1.266186632898929787e+01,-1.166637323260762527e+00
1.765527908012643588e+00,-1.193513325468475372e+01,-4.289153352022381793e-01
2.839895166357925049e+00,-8.869478761908929698e+00,-8.413775235678059294e-01
3.584253495940634693e+00,-6.579150760148412935e+00,-1.360264297579217629e+00
3.708956193065406914e+00,-5.654131021279580338e+00,-1.096709500990656228e+00
3.138179894660199309e+00,-4.954547818716198648e+00,-1.084779455133890957e+00
2.898203534019061500e+00,-4.393462976477283455e+00,-1.096166790995717566e+00
2.916628104721666670e+00,-4.173551017250815676e+00,-1.063431828486469222e+00
2.894951631057653518e+00,-4.071428939874406794e+00,-6.419692226609473584e-01
2.299409043642492989e+00,-4.138131185452502692e+00,-8.060062525290528912e-01
2.099711673708044568e+00,-3.722208665926203253e+00,-1.252361830747324545e+00
2.134566931543139923e+00,-3.489541965162008541e+00,-1.400079111491825623e+00
1.613952007543766776e+00,-3.892472517280503919e+00,-2.301109896047951242e+00
1.197670275009816709e+00,-5.137942246767621235e+00,-3.473082496747988301e+00
9.969268999999999492e-01,-6.356789084881652840e+00,-5.999308513626427697e+00
9.969268999999999492e-01,-9.454435158603248013e+00,-9.674036981836762195e+00
1.261246095897785136e+00,-1.595208287895499666e+01,-1.317810983165318994e+01
1.384574073172627706e+00,-1.945568452453350261e+01,-1.306457929210704272e+01
3.930874823811773222e+00,-1.514534711369965159e+01,-1.131810041938472544e+01
6.594813080032880137e+00,-4.624640291340406328e+00,-7.966783620592007509e+00
7.066748633699372562e+00,-3.620605577307188572e+00,-6.095020761867854020e+00
7.243271142978317201e+00,-6.666828133865401185e+00,1.139012487534138751e+00
1.014842283951421820e+01,-1.251905174906109863e+01,8.719962849704572250e+00
8.742368559915501436e+00,-1.317094606401742851e+01,7.218059633514075202e+00
5.119426082275410295e+00,-1.440442415817384436e+01,-5.132245802302342952e+00
3.861243564161940700e+00,-1.371009033640239494e+01,-9.532809578799389172e+00
1.408678649891031975e+00,-6.670201037326835447e+00,1.526082649513003542e+00
2.140001442074079385e+00,-4.191256725183459153e+00,8.547685350371061475e+00
3.042770743668863354e+00,-4.922542610288582310e+00,9.655885398519973961e+00
4.069958884296217327e+00,-7.127218342327036993e+00,5.441213462991110639e+00
3.324796242106856869e+00,-1.033435353248694888e+01,9.738116040093979242e-01
4.732225971096571948e-01,-1.489945678671271523e+01,-1.641982128349808834e+00
-1.728025488124852238e+00,-1.394399419277920593e+01,-5.941420187362971284e-01
5.718587793612659453e-01,-1.097769220414791214e+01,5.447951022931926124e-01
1.322798725682667209e+00,-8.895981459980061956e+00,-1.871266533549658939e-01
1.732441511193650419e+00,-7.970600206376520447e+00,-1.873130824926183768e+00
2.603525498939732508e+00,-9.498772963062872776e+00,-2.360543008161308798e+00
2.280245685642141584e+00,-1.068086968448411689e+01,3.550054394952529280e-01
1.216531388647849932e+00,-9.850730479420031216e+00,1.945078161700448227e+00
5.131121793885238258e-01,-9.491465342086714330e+00,1.088471562929504755e+00
-7.846131222716964948e-02,-9.645862625650655886e+00,5.180800821580637816e-01
-2.730893578404330890e-01,-9.781972411278465174e+00,3.826043599999999767e-01
3.058510171996833837e-03,-9.263226273213140516e+00,3.155068252602379886e-01
3.296724349899419204e-01,-9.205580317930934342e+00,3.304270331862424470e-03
1.211746998940924858e+00,-9.654552052974313625e+00,-8.708530305207662359e-01
2.243904798214759300e+00,-9.870496137816203941e+00,-1.338674390047755125e+00
2.246876070902552147e+00,-9.598304827870070000e+00,-1.015975470176728068e+00
1.600312596037370305e+00,-9.694581606325755274e+00,-8.484091247508440681e-01
1.331975351729076662e-01,-1.109844271996185938e+01,-4.562624278770387870e-02
-1.421953488223631545e+00,-1.149549500000000002e+01,1.241567690272039837e+00
-2.748984080760181303e+00,-1.154823556995290446e+01,6.945391514361278773e-01
-2.321408560295859402e+00,-1.236724144512524148e+01,-2.759833756948913308e+00
-7.866161656897512344e-01,-1.539870952580629471e+01,-4.953925772925098947e+00
1.463885400891692168e+00,-1.495215402805229310e+01,-8.264735564243388399e-01
5.097475951128226157e+00,-1.253901463044416253e+01,9.836560320244353006e-01
5.685502449450343221e+00,-1.239004938291320457e+01,-4.173127463451426489e-01
5.838137059574229681e+00,-1.215520076458211918e+01,3.617249748041756474e-01
6.764975607305976801e+00,-1.164245932281131957e+01,1.808667594356611730e+00
5.349097320330701955e+00,-1.164719143474582097e+01,1.819151095380647565e+00
4.646443721326861898e+00,-1.309866097673924301e+01,2.217504926949404598e-01
4.838655741116072662e+00,-1.252420854513954573e+01,-5.919765999014225955e-01
3.821378645473141322e+00,-1.114136615937124297e+01,-2.783166266002768729e+00
2.892912281182740131e+00,-1.185174281513299732e+01,-1.357791311931093148e+00
2.056319331003181983e+00,-1.194691613568236477e+01,-1.749588337895807477e+00
2.428507077108421619e+00,-1.012170336388136604e+01,-1.504313894834604870e+00
2.792867265324861847e+00,-8.297935048966580851e+00,2.411834240958858899e-01
2.861791999795952002e+00,-7.165639668186709166e+00,6.754513451738967944e-02
2.833781425517854391e+00,-6.343503377197236226e+00,-9.654279749061275839e-02
2.433085484403931353e+00,-5.702441372844324619e+00,-5.437696454228438947e-01
2.095087145136196760e+00,-5.180507339822159274e+00,-6.221208958222101959e-01
2.184856700000000096e+00,-4.828544276576627325e+00,-9.032162783641739523e-01
2.199770381334021696e+00,-3.733253049570016913e+00,-1.437712509843168673e+00
2.102779133823701851e+00,-2.736716600832706625e+00,-1.720610806598199094e+00
1.998704659143021090e+00,-2.353289320093186809e+00,-1.829074439049834355e+00
1.900248768720019354e+00,-2.845881061809358847e+00,-2.362686330904679277e+00
1.656884681478666632e+00,-3.442912636582073915e+00,-2.820874798157906760e+00
1.325702120337813650e+00,-4.470299600552044339e+00,-4.148091068764511391e+00
1.781056475769603242e+00,-6.317660393015152920e+00,-6.583662756555505702e+00
2.660561326003684446e+00,-9.899561886294634405e+00,-1.163585492799398757e+01
1.444125050291714230e+00,-1.641499769333554681e+01,-1.716088211789863394e+01
8.144699182586214725e-01,-1.954885694156032017e+01,-1.242029878310846591e+01
6.092212987534350255e+00,-1.609654300777371461e+01,-9.598213565980060480e+00
1.000447633100587019e+01,-1.794185332950407386e+00,-1.273334689713078127e+01
1.038746498245577676e+01,-3.944332017544222246e+00,-7.013057761667760737e+00
7.942002959584465671e+00,-9.329395749447744635e+00,3.468310668530439678e+00
8.725960204661504349e+00,-1.260334289025267474e+01,6.239220671326414447e+00
4.659135000072931909e+00,-8.383404692368937816e+00,1.398374761619809004e+00
1.448990609844363675e+00,-7.348609393699208958e+00,-4.143421744391976302e-01
9.238820833361606200e-01,-6.518559257195171597e+00,1.506201694005445457e+00
1.851067892211826438e+00,-5.891170684630608001e+00,3.844062427406348625e+00
3.032763706170918727e+00,-7.210910252051875524e+00,3.580085778338721880e+00
2.818021083879798105e+00,-7.829949317175564971e+00,1.665655487961404058e+00
1.631968340680201690e+00,-1.038065278815158621e+01,-6.805683213571341872e-01
-4.543459571285313192e-02,-1.279274986310538331e+01,-1.523514293368166239e+00
-6.975901013940664086e-01,-1.321990899999999947e+01,-9.119818600024377497e-01
1.010138848329547867e-01,-1.208584529118523676e+01,-1.872454817609620070e-01
1.105922020987997412e+00,-9.677457421256415060e+00,-3.517695577845707522e-01
1.673574535296324273e+00,-8.115511792937688540e+00,-1.348697107262472494e+00
2.704560605792210470e+00,-8.447457021205682537e+00,-3.034438118654524175e+00
2.790022737582757539e+00,-9.890280574721632689e+00,-1.023568283070144691e+00
1.662845509664463872e+00,-9.697221672119788138e+00,1.133610032962273362e+00
1.446577458579540343e+00,-9.057403162454562562e+00,1.260446056295479345e+00
1.593160970577458757e+00,-9.156864699112562178e+00,9.032896392300550081e-01
1.289197034729617330e+00,-9.663813743918359123e+00,9.129634434555502498e-01
1.035247199999999923e+00,-8.999212567990994671e+00,6.355353785774047193e-01
1.334704942723299759e+00,-8.736432000000000642e+00,2.248637472525460423e-01
1.959616187705405244e+00,-9.213829158328881164e+00,1.910028000000000004e-01
2.339838309824362472e+00,-9.311803798837427593e+00,-2.730919659660702714e-01
2.503283182549397079e+00,-9.560614717947659713e+00,-8.976260809301332966e-01
1.871919485368089386e+00,-1.031803134091439489e+01,-7.368674321551225148e-01
4.904613317081730206e-01,-1.059684416168164312e+01,5.051429096103543515e-02
-9.069449995768281703e-01,-1.031060192312516932e+01,1.156632908485515226e-01
-2.752572902734210292e+00,-1.211650094377145948e+01,-1.096891935435377885e-01
-2.596394851557658257e+00,-1.369346250672984411e+01,-2.988172329104781699e+00
-7.691157640395432926e-01,-1.543917894544246749e+01,-3.582230222324147562e+00
2.140205110058571947e+00,-1.396865492167448153e+01,-8.116565438544723898e-01
2.241310026382040022e+00,-1.311188686352231514e+01,-7.256870668533548230e-01
2.065812036490591197e+00,-1.275285776147301142e+01,-5.669950274811131896e-01
3.919693670124178908e+00,-1.238391316773830830e+01,-7.642459556579854763e-01
4.851738658981866514e+00,-1.222116758049476282e+01,2.401811152792038939e+00
4.974343211567050282e+00,-1.289232842908498711e+01,4.866371089821490692e+00
6.148082673542811349e+00,-1.335457588939057771e+01,2.190173614659979950e+00
6.903375097000292726e+00,-1.213670021455896197e+01,-2.438938300929143210e+00
5.926434549174267374e+00,-1.131889965078854488e+01,-3.443922719142606059e+00
3.582578709219939483e+00,-1.140292369164250808e+01,-2.677961452428657907e+00
1.615629711760166565e+00,-1.204367081381506210e+01,-1.337144588409739487e+00
1.541911439999147149e+00,-1.193847761019118892e+01,1.395793423263351096e+00
1.930241636979194153e+00,-9.231252581443282423e+00,-3.551376344126222495e-03
2.975593560792125114e+00,-6.259149838362955798e+00,-1.010615003485932029e+00
2.697143330271391637e+00,-5.173379515081865776e+00,-3.458495568687225963e-01
2.240014658999972763e+00,-4.779061968033094132e+00,-5.309866843977694151e-01
2.201306158037708016e+00,-4.628868782761153433e+00,-8.528048275300507131e-01
2.447498811398023832e+00,-3.958580505243812553e+00,-3.202278854296092825e-01
2.216159036795086301e+00,-3.448229299999999942e+00,-5.643144676973022023e-01
1.835644785899778864e+00,-3.205320616171923653e+00,-5.370831499999999536e-01
2.057848060231201703e+00,-3.047288645932603846e+00,-8.610494217997762822e-01
2.404222809478536504e+00,-2.991401611577560793e+00,-1.179480662906235766e+00
1.901834940825365639e+00,-4.334438512518246966e+00,-2.190090787656497007e+00
1.770678470580105079e+00,-6.146367547672128673e+00,-3.898738103720002623e+00
2.318621933400849322e+00,-8.630338087716060258e+00,-7.276130463496566669e+00
3.091306231939976001e+00,-1.370492183163232092e+01,-1.411693058950023172e+01
2.010468702630999083e+00,-1.935611687013964044e+01,-1.772046249597350709e+01
1.707157939390703927e+00,-1.816586697401473316e+01,-1.306091589146297949e+01
5.382533258923286823e+00,-9.030425812187081291e+00,-1.032102568335029602e+01
6.852701939229002726e+00,-3.047361227370438908e+00,-7.887280612497502119e+00
4.929851527943609035e+00,-6.419842633522558017e+00,3.454841939161745756e-02
8.068355887841109464e+00,-1.125734075923780786e+01,1.110529118520134340e+01
9.131470461296080643e+00,-1.389514893607474733e+01,6.461447947571941519e+00
4.918379594981963976e+00,-1.238516122136961251e+01,-7.329895823524601894e+00
7.700358522601921107e-01,-8.509329474282150585e+00,-5.252455125092179600e+00
1.452314419917504207e+00,-6.629874973467954291e+00,2.906548579721483616e+00
3.733830062526050320e+00,-5.274347224581452664e+00,6.776162025296398106e+00
4.567950143173112210e+00,-5.203192286494044083e+00,4.752478768220901983e+00
3.808050372658500216e+00,-6.135942499283419949e+00,1.060360673272779275e+00
2.577498865392871430e+00,-9.944335532378778097e+00,-5.473196169912899478e-01
-1.845399828818066190e-01,-1.484730498005287203e+01,-5.268095489071647486e-02
-1.146136606441082506e+00,-1.530415117463498831e+01,1.001477460167831346e+00
5.362697005240101289e-01,-1.134411204893735992e+01,4.595936212364869489e-01
9.004064861495970629e-01,-7.677855956702722473e+00,-6.001858526960643925e-01
1.185392357976881916e+00,-7.232009233526556002e+00,-1.203768480414399100e+00
1.668506352039710539e+00,-9.525930571636072486e+00,-9.394108600626533967e-01
1.212259470472925482e+00,-1.029965562528533063e+01,1.181703890403373425e+00
1.232541188063241755e+00,-9.632412820555021682e+00,8.953813694680341495e-01
1.078293429301398154e+00,-9.119635999999999854e+00,3.826043599999999767e-01
1.007900856907218756e+00,-9.475138531568706668e+00,7.654532632065064179e-01
8.119771355512676037e-01,-9.765759541279750877e+00,1.178018428145204410e+00
9.545624121204130397e-01,-9.152333320007377537e+00,7.670405270596662994e-01
1.431831270484015484e+00,-8.850929789593147134e+00,1.314520487241300217e-01
2.305365663125916953e+00,-9.160729948587434279e+00,-7.931003252478857624e-01
2.730883883607609697e+00,-9.339965511138007770e+00,-1.140615661202536657e+00
2.325003686637588274e+00,-9.429065237017283607e+00,-8.289610661411654924e-01
8.340574715017577967e-01,-1.023678242857857157e+01,-9.772492801586499245e-02
-8.447246881088438242e-01,-1.080638024667485553e+01,5.514739227378375741e-01
-1.889266080537544745e+00,-1.162882346550524559e+01,2.297760004941899192e-01
-1.719237000303813989e+00,-1.262640336166677457e+01,-1.985147968609687341e+00
-6.111788880741055863e-01,-1.414891198372869496e+01,-3.853724372356094108e+00
9.320879781767410499e-01,-1.434743058579240937e+01,-2.188156966360410571e+00
2.309975325808259150e+00,-1.373419664293860087e+01,-1.523360902600897848e+00
5.315901055226244232e-01,-1.404268358992084664e+01,2.676434200000000208e-01
1.466488463447319868e+00,-1.257945149025636056e+01,2.774959361344234154e-01
4.958392254336170701e+00,-1.197288685430011945e+01,1.068995379199679796e+00
4.901326684404033074e+00,-1.177915929701419273e+01,3.870350277607874201e+00
3.809304531425611984e+00,-1.229002445138885236e+01,4.220034167361901289e+00
3.372642628209489679e+00,-1.282192853114531061e+01,-1.185127355247237446e+00
3.974053024893894559e+00,-1.256958711764786862e+01,-3.364173313554906564e+00
3.198877634414142523e+00,-1.123128203447707563e+01,-1.994875507969213979e+00
2.086514899195030193e+00,-1.135077500000294393e+01,-1.173099645811564118e+00
2.104195284227026175e+00,-1.273498839831943030e+01,-1.327137705313455207e+00
2.020405271168873806e+00,-1.098479630396918161e+01,4.172013113612682567e-01
1.978524201091318435e+00,-8.606703691038088522e+00,-4.899407747914669153e-01
1.792010174738494888e+00,-6.893618300959025724e+00,-9.490475197990118073e-01
1.781288897753227296e+00,-5.994888063116754928e+00,2.269144048778833356e-01
1.686692499999999928e+00,-5.171595865980496143e+00,-2.290233192374599991e-01
1.854744496043859492e+00,-4.529976870561631230e+00,-7.480737612851739993e-01
2.515128307826059562e+00,-3.934165925398628971e+00,-4.428470912647779478e-01
2.705622919077598887e+00,-3.443324905663004198e+00,-4.683015404612003163e-01
2.408867922097281955e+00,-3.007138342996816593e+00,-5.804990932045972496e-01
1.986210790373006185e+00,-3.163685115623237287e+00,-9.268878409721168499e-01
1.565009274727547695e+00,-4.147808978410076008e+00,-2.208384811084959320e+00
1.292157551077055988e+00,-5.798508614860149457e+00,-3.216823346865548938e+00
1.714109683148522301e+00,-8.483460606285664340e+00,-5.741328566802479827e+00
2.167986624955161368e+00,-1.324021657582540534e+01,-1.091593618898210849e+01
1.460590121606893277e+00,-1.865522282481062533e+01,-1.498195171505076573e+01
4.804940341471933274e-01,-1.932749217090527338e+01,-1.150399855121800563e+01
3.090405515161492644e+00,-1.157192146933242505e+01,-1.086369652187760515e+01
5.372192218820282861e+00,-2.211963996285378986e+00,-9.317660147763897172e+00
4.217329957859608847e+00,-3.561065464978200978e+00,-4.995898989890624975e+00
4.687051246093447254e+00,-8.957984573576300846e+00,6.864746823112223062e+00
8.842669446815083489e+00,-1.593384286145543882e+01,1.277782670429777667e+01
5.750655004975842921e+00,-1.532658313934175887e+01,3.647388609688198002e-01
7.653938138395299795e-01,-1.249887757079181938e+01,-1.206213568967890382e+01
-2.647922148156647282e-01,-7.587164942209188467e+00,-4.459982325971004080e+00
1.954963711915778779e+00,-5.438690712734999266e+00,3.930034777213933683e+00
4.592484291734727719e+00,-5.024484821838478332e+00,8.071247025482570336e+00
5.108649981274313134e+00,-5.276619388891663931e+00,4.363271961734188409e+00
4.555490442573144172e+00,-7.930545395567746958e+00,-8.264593904841898153e-01
2.475910534529852214e+00,-1.368307752909118413e+01,-3.201339829500378542e+00
-1.421439420683705990e+00,-1.421015164448870038e+01,-8.360501971313720748e-01
-1.622208517041848763e+00,-1.074229175897383648e+01,3.925908318802334152e-01
6.875333726571980497e-01,-8.658989597128705640e+00,1.081242389742745003e+00
1.772843263995716345e+00,-8.017856501440965289e+00,3.157536379690496497e-01
2.235776139496493897e+00,-8.659373934655212324e+00,-1.047532863768960931e+00
2.293799322456386403e+00,-9.492494483160196950e+00,-1.126558204013505371e+00
1.773202280450663748e+00,-9.376119349447641582e+00,5.612914104215618316e-01
1.733079623181558837e+00,-9.008708377382856014e+00,1.050186242302884709e+00
1.819556595387210152e+00,-9.198790254474072725e+00,6.978365375590194208e-01
1.580859424465009155e+00,-9.612684698152580864e+00,1.121627137077046754e+00
1.308344774720816783e+00,-9.265895249017599866e+00,1.441181187612023962e+00
1.363785811198084286e+00,-8.979539732096107230e+00,8.707412547907299460e-01
1.770863394991555317e+00,-9.322365964228680468e+00,-1.532110241934528383e-01
1.919807757342419485e+00,-9.617800000000000793e+00,-8.149053753605909334e-01
1.775273991368940152e+00,-9.587856014605607768e+00,-8.005124550832627417e-01
1.049795868602453774e+00,-1.019515098405820730e+01,2.139254460512898803e-01
-3.200842047088615083e-01,-1.038773660555534839e+01,1.245693977540351494e+00
-1.598242568418736020e+00,-1.083768292634354680e+01,1.115996192867556136e+00
-2.264073608440836605e+00,-1.153639924201609190e+01,-1.961774990619785664e-01
-1.720491811149606143e+00,-1.288945044459015676e+01,-3.634879681074940638e+00
-5.779406302602414502e-01,-1.504067804627470828e+01,-2.701280635514560657e+00
1.708793672366193617e+00,-1.467772437103108629e+01,-1.268842522478452750e-01
3.148126321598390565e+00,-1.401439276020337843e+01,-1.009499354520974279e+00
3.401176121377280648e+00,-1.323595343259283830e+01,-1.895351802349276582e+00
4.258590549946228876e+00,-1.122160517692084625e+01,-1.537606408875912489e+00
5.347333319020349585e+00,-1.132045754441431384e+01,1.267188665908452139e+00
5.076061999302872607e+00,-1.093866354854924161e+01,3.672330140631386186e+00
4.554920645631255205e+00,-1.218171277471344816e+01,2.328898395296620905e+00
5.479853138982074157e+00,-1.323529515946658464e+01,-1.794786171472240621e+00
5.384393559181431144e+00,-1.178220067709294305e+01,-1.952008408741810364e+00
3.534919398284155800e+00,-1.083874403145485488e+01,-2.240275479656831159e+00
2.223098522286214962e+00,-1.133315268671094422e+01,-1.642841925423055072e+00
2.786066449677303769e+00,-1.219966008421505776e+01,2.425257413933192829e-01
3.341066036371751480e+00,-1.026737586364946431e+01,3.066539363581408106e-01
3.429248304718272689e+00,-7.638828787936625453e+00,-7.794181319718480605e-01
3.381438043014854067e+00,-6.295034572127338635e+00,-8.671126024235171759e-01
2.723419853864213813e+00,-5.595878798369912310e+00,-4.231004641263433896e-01
2.366917823156470035e+00,-4.990677452501934397e+00,-2.207896994577602801e-01
2.360504071519452296e+00,-4.789439999999999920e+00,-7.670050000000000479e-01
2.344729545434949269e+00,-4.554736826760099611e+00,-6.496533368203512016e-01
2.040049113957161264e+00,-4.148890020045725713e+00,-6.508335019012365663e-01
1.830449482830722285e+00,-3.620782444852371107e+00,-1.019298988727821209e+00
1.631244692590339884e+00,-3.325137829638640241e+00,-1.249774282172912976e+00
1.610051899999999980e+00,-4.726444215914992419e+00,-2.426303513988511185e+00
1.432518082133290793e+00,-6.746195542933673295e+00,-3.756664487111603279e+00
1.003519144502651006e+00,-7.962581091478185158e+00,-6.076598534708567811e+00
1.081856250148790055e+00,-1.154222563543510915e+01,-1.000852772950520553e+01
8.544477401675794059e-01,-1.736831372873998092e+01,-1.400474125564390349e+01
1.392206295120918647e+00,-1.952718894500421953e+01,-1.363720119331582836e+01
7.074245927280403023e+00,-1.433643444366791364e+01,-1.117621701087782426e+01
1.019982947898788339e+01,-8.323158047545256011e+00,-9.076461855874843110e+00
9.986755269736967477e+00,-7.984922429260166155e+00,-2.189908045475489562e+00
9.117383811079109890e+00,-9.582741303817616796e+00,6.274819427552595918e+00
6.863428405910326546e+00,-8.286075206245453018e+00,6.501067199669533281e+00
3.082922577956923149e+00,-5.705236360288544972e+00,1.520281557310699583e+00
4.984841221764628183e-01,-5.694984205042981529e+00,-3.931381259544057261e-01
9.769944857305274954e-01,-7.206865422243495800e+00,1.551992487077983540e+00
3.328705462664800940e+00,-8.825777868415936922e+00,1.912107696640832799e+00
4.667810082764366264e+00,-1.021420584741202475e+01,1.725785615704114928e+00
4.257222006730388308e+00,-1.130229140040903602e+01,3.425455693677155189e-01
1.274045561013178229e+00,-1.083049661424256094e+01,-5.463983747436031990e-01
-2.492023063277258310e-01,-1.060131086102018294e+01,1.349767268554413757e+00
1.261250603056270458e+00,-1.038381352668186608e+01,1.276196571737618690e+00
2.357298053693188677e+00,-1.013512377339018755e+01,-4.987627859847074685e-01
2.019343691322409207e+00,-8.901611824545906160e+00,-3.318171113636526393e+00
1.954103444907943965e+00,-9.070508681634045445e+00,-3.498553522704412888e+00
1.639224557534314730e+00,-9.885577991920881047e+00,-2.652621252975789767e-02
8.796450035645341226e-01,-9.631299216687335019e+00,1.380021995488507125e+00
4.848571940010001358e-01,-9.607290707566189525e+00,2.472640509649621787e-01
5.322429992729621473e-01,-9.404817573331159863e+00,-8.025043623982530683e-01
7.210351301737121243e-01,-9.432332263526568283e+00,-7.761699397798031974e-01
9.279242930371067732e-01,-9.495157646169653631e+00,-3.914832899684689838e-01
1.045147563486491737e+00,-9.444717169683737978e+00,-3.695919080350368313e-01
7.547952357122658107e-01,-9.175362982841884119e+00,-4.900592952673016311e-01
7.268696444878505192e-01,-9.252848810542834812e+00,-1.164830711219626558e+00
8.633858387944368662e-01,-9.463358624227595328e+00,-1.605696910232298436e+00
6.263281343963149617e-01,-9.609227476924301570e+00,-1.041042169432439879e+00
5.568148735584361325e-02,-9.419011418991580342e+00,-1.189092716547732187e-01
-9.153360664362419907e-01,-9.575726981652811887e+00,-7.390529434589324098e-02
-2.039895871983404163e+00,-1.062467433713582565e+01,-8.516217541206407837e-01
-2.132646131042812421e+00,-1.247661079648937132e+01,-2.605459224695964693e+00
7.825394641362470871e-01,-1.625526674201187305e+01,-3.619498279189658163e+00
5.995729546984331471e+00,-1.553374340588820601e+01,-3.777741531109427786e+00
8.055340379299302356e+00,-1.352459208563447390e+01,-2.199779850708927675e+00
7.341152423619885070e+00,-1.245430795442551997e+01,7.449703724070557698e-01
5.765829600766655183e+00,-1.216477922192465932e+01,-9.180039792176464264e-03
5.779888903361342756e+00,-1.327001088183370747e+01,2.151689313397516234e-01
6.447620286616874807e+00,-1.289615984417380723e+01,1.470044257311337033e+00
4.536330243187155276e+00,-1.295689250097288436e+01,-1.886132265411975206e+00
1.563763202518971385e+00,-1.397866803241346645e+01,-4.338203514936262550e+00
1.057736146037357994e+00,-1.476164091912814058e+01,-1.745876481785285650e+00
1.597705098257111933e+00,-1.038576179434759439e+01,-7.287399292040555032e-01
2.488843223436268737e+00,-6.283399452141686048e+00,2.815894205844330367e-01
3.297116576528878795e+00,-4.238025029372806785e+00,3.822807477111034857e-01
2.962888711592733149e+00,-3.502017633247695994e+00,-4.142383155178197551e-01
2.371277353891538819e+00,-3.357118207380928254e+00,-1.538592146108461511e+00
2.366222420737094101e+00,-3.867129936370605314e+00,-1.599816120737094005e+00
2.175665748510504205e+00,-4.156999524904959387e+00,-1.361436998050055136e+00
1.836517905393743488e+00,-3.954559267846202708e+00,-1.025980654494786259e+00
2.003555274426496169e+00,-3.156556605900207035e+00,-1.052966772038526955e+00
1.791133651400968141e+00,-2.409822060508373553e+00,-1.714114648326107382e+00
2.014801407745250295e+00,-3.260785843502156389e+00,-2.293816554589520607e+00
2.208667541249651922e+00,-4.904218599527655265e+00,-3.827239104344793752e+00
3.502494700407338346e+00,-8.538749373716157720e+00,-8.926169415459689560e+00
2.809453026148654775e+00,-1.588983597305921869e+01,-1.788143334526601080e+01
-6.144882122379445866e-01,-1.947339820336123495e+01,-1.821969677596750614e+01
1.442682738634827544e+00,-1.554699628695988167e+01,-1.126897315129526689e+01
6.097848575734998278e+00,-4.168703387782778158e+00,-7.719700624009317558e+00
6.571303206191323909e+00,-3.954173188505697212e+00,-2.353813039853617006e+00
6.524934531300361051e+00,-9.390483885968842870e+00,5.236245976417343684e+00
8.973387598231692408e+00,-1.283330071706320119e+01,7.473634450580481925e+00
6.240774297180064600e+00,-1.101196498073662688e+01,-2.254922576255610878e+00
2.602676507083133473e+00,-1.197940839153617354e+01,-5.513503952761999116e+00
1.195917188926163499e+00,-1.049387893169084407e+01,3.852121515630115289e-01
2.471657703012845708e+00,-7.356878009332504575e+00,3.241815432631399485e+00
3.623693159994235025e+00,-5.679287071829462796e+00,4.086579278822172867e+00
3.664156762129328726e+00,-5.598777085407333765e+00,2.541114525965936011e+00
3.114143910361311995e+00,-7.169206225734259696e+00,1.255510474801813547e+00
2.331609776025801217e+00,-9.661138187201645522e+00,1.733909379751082724e+00
6.271511753788028276e-01,-1.341261447887550595e+01,1.780774592726073413e+00
-4.237201867402768940e-01,-1.484942505167203919e+01,1.827755150551597874e+00
-1.378596340182299818e-01,-1.214322815715669712e+01,-6.317717343538264974e-02
-4.658957734303461468e-02,-8.018702854425054483e+00,-1.660930113858923418e+00
4.736564149200186979e-01,-8.021208484354497514e+00,-1.722986702468660258e+00
1.431597781729073704e+00,-1.034903167021045789e+01,2.382020073881303823e-01
1.175983689236719698e+00,-1.007489899642289899e+01,6.884807087476026988e-01
1.226848699999999903e+00,-9.235286439025532701e+00,4.316891463411136609e-01
1.077168168200901999e+00,-9.342356063598195703e+00,2.544757096722406464e-01
7.645228915438674333e-01,-9.497874780496829317e+00,6.133536091974991500e-01
6.620390308799379842e-01,-9.252927214736354600e+00,6.008716751672282808e-01
8.622287782800925893e-01,-9.196277000000000257e+00,3.637647665147775156e-01
1.488982885408271617e+00,-9.196277000000000257e+00,2.109264630241551308e-01
2.064940366955811069e+00,-9.272016037836547042e+00,-1.119558120743187890e-01
2.181926275179462138e+00,-9.494357881237856844e+00,-2.191090663584867870e-01
1.653668472628032848e+00,-9.673624911024544915e+00,3.573545772129690934e-02
6.203509195827815459e-01,-9.965319765673188002e+00,5.134118721056680767e-01
-4.455927932571415728e-01,-1.015233417522637005e+01,7.638571843874839562e-01
-1.292758916847775108e+00,-1.092175649598391374e+01,-4.669610743957432197e-02
-1.418123788863106860e+00,-1.182361264586220884e+01,-1.377517257842488796e+00
-6.231142536703466739e-01,-1.274645222282449097e+01,-3.311777376345216517e+00
2.719588360061704346e-01,-1.481673414485931772e+01,-2.882199081107141847e+00
1.809774809757799918e+00,-1.374073471718020478e+01,5.396299198941010289e-01
2.498715273023968564e+00,-1.345441718081269755e+01,-1.588453408489632457e+00
3.410399325644184465e-01,-1.333846953594668605e+01,-1.677591442276320732e+00
6.824544695356075108e-01,-1.194772975306870855e+01,-3.077888427787733860e-01
4.262561512718269441e+00,-1.291532264638276217e+01,2.349069113720519297e+00
4.371865027212333388e+00,-1.264295657735820200e+01,4.299867282504608035e+00
4.135168725312465376e+00,-1.305658720821485019e+01,3.177841398120434313e+00
4.247054743461998960e+00,-1.256852382275904034e+01,-6.646190078129038392e-01
4.076567237012414857e+00,-1.119687201983831315e+01,-3.285856458168506578e+00
3.535218671151964198e+00,-1.094636391346676696e+01,-2.250185527098775395e+00
3.486377039062642069e+00,-1.205432873479604261e+01,-1.983978232415295473e+00
4.112530729133782259e+00,-1.276880976579539428e+01,-3.017616235365783162e-01
2.792521783439263050e+00,-1.097677676624306820e+01,2.627444705925013224e+00
2.291865990624657012e+00,-8.147596677750509997e+00,2.236778884501531284e-01
2.665464302112463990e+00,-6.489433609007459580e+00,-9.112834816360313450e-01
2.300232728154767425e+00,-5.726885868490263931e+00,-6.205778677661243359e-01
1.536665069400742434e+00,-5.816496469983104767e+00,-8.863043000500876456e-01
1.902274167069485378e+00,-5.050587230752782375e+00,-1.016895349267101567e+00
2.590745305143666855e+00,-4.017945175370699396e+00,-2.606250750714361186e-01
2.797981500000000121e+00,-3.913891126087805539e+00,-2.529906026767356209e-01
2.441609647572894115e+00,-4.195854168691732333e+00,-6.635332040249336538e-01
1.966070490592125131e+00,-4.023945497180328346e+00,-1.153853729672658091e+00
1.016667604728529906e+00,-4.859694183606390716e+00,-2.198210564016739088e+00
5.778605929791923446e-01,-6.628971683985259489e+00,-3.627592433233146618e+00
6.387268497545067758e-01,-7.795725855110616997e+00,-5.959901427536427931e+00
1.087927829948442504e+00,-1.015875744742305287e+01,-9.475002148283083514e+00
8.400236368431006628e-01,-1.493099119167792566e+01,-1.289728652467995396e+01
-2.399011009821205853e-02,-1.867587960159317717e+01,-1.221606940220534021e+01
9.306685555190807868e-01,-1.514072476589541516e+01,-1.038736026992899752e+01
3.572249805251030530e+00,-5.672346242532348093e+00,-7.060219047302249251e+00
6.817218377099971249e+00,-3.920511988770671863e+00,-4.093868828509915403e+00
8.393287702194209388e+00,-8.181601281067859333e+00,8.532465196847561772e-01
8.995452281742908340e+00,-1.226434737393659979e+01,6.413808896675214477e+00
7.519962846944057588e+00,-1.204548472356562350e+01,6.162718768493472332e+00
3.739256385251820358e+00,-1.008241888120477370e+01,-1.727261770651438599e+00
2.025128684692115044e+00,-1.177245250647756869e+01,-7.397564422360190406e+00
1.558574971934821640e+00,-1.083153170323224046e+01,-2.931208645428323933e+00
1.728562268535299040e+00,-8.541382945599997001e+00,6.960629492234438054e-01
3.279487983750770663e+00,-7.010131640723470170e+00,3.406216314396977918e+00
4.021513482574012421e+00,-6.191529250328800416e+00,3.514543136953933278e+00
4.013684782850873489e+00,-7.254830641498007715e+00,2.210378084731315251e+00
2.795690655788490186e+00,-1.063788944940083958e+01,1.661545126326831046e-01
3.707789517935003998e-01,-1.372558725379016487e+01,-1.159309266133900174e+00
-1.103257008759837010e-01,-1.212694040442194243e+01,2.888674167293273642e-01
8.764896018101211439e-01,-9.749462569019545555e+00,9.368798373988479478e-01
1.570539700701839569e+00,-8.420096343351048063e+00,8.898866041088786538e-01
2.108160683941874503e+00,-8.598291057240640356e+00,1.481790567856027668e-02
2.168475390130609970e+00,-9.150643424663831738e+00,-1.219951796307408159e-01
1.932831117801455445e+00,-9.517194896728778275e+00,6.055005576667445988e-01
1.742320448760908302e+00,-1.000038078181938417e+01,1.666943560043576023e+00
1.076958244888366778e+00,-9.653237050208753445e+00,4.723000056957434856e-01
6.198550120121605334e-01,-9.611668587371855921e+00,-4.987628350159994950e-01
8.635447563521112535e-01,-1.010177837366457254e+01,6.453309029187199730e-01
8.878928132295695885e-01,-9.435701446087634281e+00,1.086982891615054125e+00
7.463294189410611956e-01,-8.975176384075076896e+00,6.479957393855029224e-01
1.113767573283351853e+00,-9.200669890159728581e+00,9.456961961934462479e-03
1.670342548920167314e+00,-9.464518999999999238e+00,-4.353043772187652483e-01
1.870687232925152044e+00,-9.372378621075295513e+00,-3.835159212548404084e-01
1.264376449484972964e+00,-9.868001762450107961e+00,-5.840726471689453025e-02
1.407801194523408128e-01,-1.044823644647722993e+01,3.675660187379087840e-01
-4.307171509610158711e-01,-1.081388989831640224e+01,-3.036743121856085026e-02
-6.215782346812499526e-01,-1.178757593100887746e+01,-5.615240848411839902e-01
-1.084250442266759540e-01,-1.215059362799170550e+01,-1.464991350467401920e+00
5.464770345851095446e-01,-1.276077814682073175e+01,-2.029048755075383959e+00
1.284010794031420932e+00,-1.390944289531581113e+01,-1.036173607240887584e+00
1.885814179062188956e+00,-1.350478002991115822e+01,-8.721649598424209560e-02
2.031575199999999803e+00,-1.380853266469635265e+01,-6.936820476633303034e-01
1.607520692465648882e+00,-1.243414487829668147e+01,-1.785266039258067705e-01
4.027553191138204980e+00,-1.120939430006329829e+01,1.317728105467906030e-01
4.966813054125784888e+00,-1.143030116212704073e+01,1.297809113972388850e+00
3.807005089636624984e+00,-1.145121831042525073e+01,2.527757813848771296e+00
2.948942742811134998e+00,-1.277608978103557824e+01,2.273531545257595265e+00
3.167250147616567091e+00,-1.236641134090041305e+01,7.623238262559750567e-01
3.027903600000000139e+00,-1.134424764289230758e+01,-1.831127454834907020e+00
2.961010149074474462e+00,-1.106909820551190116e+01,-1.808535174648251198e+00
2.042084918709775376e+00,-1.119413342687660062e+01,-1.378432097550289281e+00
1.539329163741759654e+00,-1.127814906494145930e+01,-5.255428602009206696e-01
2.069895700000000005e+00,-9.590016770730539264e+00,-7.794590666181476779e-01
2.488317546380131251e+00,-7.505702891151497802e+00,-1.182394389414410885e+00
2.674216835790482083e+00,-6.272194347720643215e+00,-7.079718945454759327e-01
2.437675054513527506e+00,-6.195843754693328265e+00,-9.202862400000000331e-01
2.142159447446799092e+00,-6.236858350604535417e+00,-8.135432033255913797e-01
2.138744110577850854e+00,-5.711050876982795010e+00,-9.729090188309850173e-01
2.148115225095035719e+00,-5.041894249049645893e+00,-1.340230870784889561e+00
2.153254468591828896e+00,-4.516468397938189661e+00,-1.292955232027117596e+00
1.904134657361239213e+00,-3.954633882315093718e+00,-1.430930042638760780e+00
1.793172027867977469e+00,-3.950788311471910230e+00,-1.750765167207865236e+00
1.798779384812889015e+00,-4.840214769144138174e+00,-2.806603548894657685e+00
1.389062646094580744e+00,-6.689810659072774612e+00,-4.190515287155251123e+00
1.359435601082247036e+00,-8.519022439209367192e+00,-6.389862626699098769e+00
1.725251674981597372e+00,-1.045136580443795538e+01,-9.742162228984478034e+00
1.474477733205511010e+00,-1.328362589696462770e+01,-1.243296854196052692e+01
9.927955984598232364e-01,-1.585110619956061839e+01,-1.054553138572831372e+01
2.876732932716740354e+00,-1.473234256028913691e+01,-9.118269777101550844e+00
6.351185388821981803e+00,-1.023518804050970310e+01,-9.311802828212265126e+00
7.382855956107124307e+00,-8.232834046801222883e+00,-8.470734701474912143e+00
4.933032215381892627e+00,-7.772550219333004051e+00,5.841236795633690804e-01
5.446162854704672540e+00,-1.133317977672468757e+01,6.595303256795133073e+00
6.435115125332369956e+00,-1.201791893335255779e+01,2.863743764635692468e+00
3.550146497906922605e+00,-9.785528206715422783e+00,-4.269771108296825268e+00
7.500465244883038896e-01,-7.488689715213895148e+00,-3.954170059018759620e+00
1.570782274421905766e+00,-7.027145967521866154e+00,1.890325834247492232e+00
2.665360004964393070e+00,-6.442212063755155427e+00,4.005373187573083804e+00
3.056759929615299853e+00,-6.092330999999999719e+00,3.793019346477467746e+00
2.801070333615740537e+00,-7.939816008929527769e+00,1.599767665862473320e+00
6.365301909119107648e-01,-1.256762816182042641e+01,-1.033528573937702477e+00
-1.106112129151749945e+00,-1.480774365675680038e+01,-1.106970644132844406e+00
-4.278353813292278263e-01,-1.190573259732557965e+01,-3.138691231745880383e-01
1.388732779379890925e+00,-8.404944851999562871e+00,2.397261203698931170e-02
2.765192649449579321e+00,-7.693951863917595446e+00,-3.681376129043908429e-01
3.393842906068445853e+00,-8.458120876966349400e+00,-8.857588476317876935e-01
2.746486030102411657e+00,-9.614754388561250309e+00,7.664457542861291550e-02
1.636124151391891157e+00,-9.528910965920200482e+00,1.270652350616428228e+00
1.286341015180177738e+00,-9.070058984433188698e+00,1.394739627616367272e+00
1.603154243051087224e+00,-9.111013428813858894e+00,1.183882171525543647e+00
1.844875901893704206e+00,-9.419961208730532221e+00,1.590142594782299579e+00
1.726878840295264395e+00,-9.199542567168872864e+00,1.231715928220468381e+00
1.716847112481004523e+00,-9.271663285293417545e+00,8.970998829070820912e-01
1.918361528965927043e+00,-9.579478999999999189e+00,4.313607188831450889e-01
2.082413109033524723e+00,-9.554060310814023183e+00,-4.702724339650702357e-01
2.039170131529037810e+00,-9.679250196400579043e+00,-1.250324908123819911e+00
1.839449322650069218e+00,-1.012816781727396709e+01,-9.048016778402812044e-01
8.333398310225484940e-01,-1.032948330812433824e+01,6.283478723474293925e-01
-6.660256546953913226e-01,-1.055602151239423492e+01,1.139743454782711662e+00
-2.186601926053137301e+00,-1.148902573336601840e+01,5.517675990163762867e-01
-2.707595299904659303e+00,-1.249577220311749848e+01,-2.146510224496569919e+00
-1.917739087874696713e+00,-1.442574495892671749e+01,-3.384173193304919725e+00
9.197400944434719339e-03,-1.519581368223837003e+01,-7.557749865134345546e-01
2.757010964484510662e+00,-1.375771844897606755e+01,-5.677454491210820464e-01
3.155078011937474614e+00,-1.397267882291220609e+01,-1.455090935812423547e+00
3.627096263658570408e+00,-1.227304639901314509e+01,-1.406371186967906750e+00
4.693601153371025347e+00,-1.144437162859987467e+01,2.064557187533875848e-01
5.332881263326369137e+00,-1.075693073846630021e+01,3.051819731566140614e+00
4.289036475105111101e+00,-1.043722965807025460e+01,4.794088128357642198e+00
4.022135270365245319e+00,-1.193518067348039224e+01,2.062729196218954231e-01
4.450996271454631170e+00,-1.206811793406635758e+01,-2.086272048479397068e+00
3.424073145776832749e+00,-1.104602449953866738e+01,-1.850749749861600124e+00
1.974672082598064371e+00,-1.118414718773291661e+01,-1.990264486870281901e+00
1.368171701205691537e+00,-1.205549581229489675e+01,-7.096129336848624458e-01
2.280785057980907915e+00,-1.083293693254958789e+01,4.257785922259318401e-01
2.983792597949546099e+00,-8.622408197814134923e+00,-1.544396472767239015e+00
2.994308729904082700e+00,-6.869522091839102451e+00,-1.242874105831880627e+00
2.339264914911103777e+00,-5.978496874028745189e+00,-2.914950056737285466e-01
2.031575199999999803e+00,-5.476785319733630253e+00,-5.131499391366534102e-01
2.234008959081981160e+00,-4.628967014077151276e+00,-7.915811867142745761e-01
2.543407215837968138e+00,-4.055903989604826343e+00,-6.041646901000640169e-01
2.138852362935962592e+00,-4.131672865642238790e+00,-2.972406990316087128e-01
1.487094998406996993e+00,-3.704477642393962711e+00,-4.562182160262239772e-01
1.436719207281777155e+00,-3.178093902569403717e+00,-1.080919286751112374e+00
1.330963156522709578e+00,-3.710547714466546410e+00,-2.047487489081683876e+00
1.317981703751649025e+00,-5.372704272642228496e+00,-3.124866661245536470e+00
1.073567500000000008e+00,-7.209272348249291085e+00,-6.019439619719666901e+00
6.176774417194857980e-01,-1.245589046522116661e+01,-1.141615905843766576e+01
-1.406122549583612269e+00,-1.863220855351144323e+01,-1.536555574568560267e+01
-1.426006615053844628e+00,-1.915213079529512896e+01,-1.357363971031729299e+01
3.163359779511004000e+00,-1.088804436474771897e+01,-1.086058680840409352e+01
6.311410498530653612e+00,-4.852893522551790184e+00,-5.260603299913223729e+00
7.262146026837450030e+00,-7.398582711709172699e+00,1.582674576143522138e+00
1.040336053423328622e+01,-1.376953495232156754e+01,1.251818459168474007e+01
9.696717242663973835e+00,-1.530007453307031362e+01,8.603243274785468131e+00
4.183388899535617433e+00,-1.407433713531486674e+01,-8.302607407939131434e+00
5.429614707687957509e-01,-9.692337820750040578e+00,-6.954521448702703168e+00
2.520028609802996922e+00,-7.032702642160669981e+00,6.318029086807557704e+00
5.523028449960931674e+00,-5.194757865501941296e+00,9.205560853566510104e+00
5.973224875985325255e+00,-4.898873944798104674e+00,6.271958805016466520e+00
4.913091070617569223e+00,-5.696963697402071425e+00,2.737001677175769920e+00
2.553946413201003907e+00,-9.918815614818509374e+00,-1.316132800467724628e+00
-1.316908704253185181e-01,-1.403441773977068863e+01,2.287190041220354519e+00
-8.191777582520978207e-01,-1.508660245975105951e+01,2.611664452027000927e+00
-5.061090041423985664e-01,-1.130518000534901724e+01,1.262673953085744483e+00
-4.163813118581217720e-01,-7.951670205527273438e+00,-2.520437163649502654e-01
2.350719022675268888e-01,-8.701601897211073577e+00,-4.132319155150073198e-01
5.370831499999999536e-01,-1.044578927558611170e+01,8.874048935069491773e-01
8.889962284853795138e-01,-1.005106673157417596e+01,1.913845777543480953e+00
1.759436891837621086e+00,-9.273534015488776205e+00,1.653734144162827269e+00
2.546173587286936879e+00,-9.096947978447634142e+00,1.047357291597410089e+00
2.066556353132759760e+00,-9.389547674159810953e+00,6.750947985212055746e-01
1.210112111599191076e+00,-9.595580725367934605e+00,5.420030607091987918e-01
6.450580410095538841e-01,-9.365412758673214100e+00,6.047868430185983080e-01
1.170173810961737892e+00,-9.678082254964792241e+00,2.999740372325001014e-01
1.460208876650194165e+00,-1.005324240446964978e+01,1.544016106116535836e-01
1.182039494266858837e+00,-1.022366081871075671e+01,-1.061328967041571258e-01
7.543571199018983542e-01,-1.062565973504988293e+01,-5.009939499036202282e-01
-6.150674627419575602e-01,-1.069105035944968130e+01,-2.674291496778591348e-01
-1.438463003525912720e+00,-1.088542407799769585e+01,-4.904317029007496109e-02
-1.704874081606057468e+00,-1.180137647402631096e+01,-4.414526640473929175e-01
-1.113281977238682163e+00,-1.247818624770524565e+01,2.793432447483034653e-01
-3.350263462792816282e-01,-1.274980765270428584e+01,-2.712603888430407673e-01
3.153576782858254823e+00,-1.298932164868402062e+01,-7.013312178331966296e-01
6.969295632711254740e+00,-1.170474356659847714e+01,-2.340621612525421169e-01
8.070372626610527789e+00,-1.038261483842487110e+01,-3.629509841861454644e-01
7.896835904667597994e+00,-8.470401633970240596e+00,6.508884148455144070e-01
8.478823888664708264e+00,-1.023903889130160927e+01,8.129872530849460155e-01
6.992158939176979615e+00,-1.235073612999607917e+01,-1.729936692862881209e+00
3.884095010864538455e+00,-1.269624091612732641e+01,-1.354808239816247983e+00
2.466766147357701833e+00,-1.246505579042526435e+01,-1.165422784479266616e+00
3.059999476373472138e+00,-1.280461040877804280e+01,-1.832994827128471949e+00
3.717060667656571837e+00,-1.157578499406056771e+01,-5.595887465396449656e-01
3.252009393317357500e+00,-9.037583157234340803e+00,-1.831694417005760023e-01
2.484457574191988094e+00,-6.850208028609523048e+00,-1.093511455851836178e+00
2.229515468281664692e+00,-5.641419038117565954e+00,-1.480588709750221055e+00
2.693451469333658643e+00,-5.893109476577864214e+00,-1.856026722932877959e+00
2.165066217518701652e+00,-6.359863263208980655e+00,-2.264887318133387506e+00
1.069227968414462104e+00,-6.483024517415854504e+00,-2.823056660138315799e+00
4.418921532898497651e-01,-5.715242755783315864e+00,-3.055626057991576161e+00
1.255503656891600262e+00,-5.713960491244767681e+00,-2.481160755101812221e+00
1.569597456543187386e+00,-5.458445147976615175e+00,-2.157693409252340544e+00
9.151000501006358867e-01,-5.257567599820275106e+00,-1.472300463827587169e+00
-3.331723294810559621e-02,-5.668164803952758568e+00,-9.989088471790992241e-01
-9.005665279402905732e-01,-6.993236325849238710e+00,-2.100750456782550568e+00
-2.898594818756897507e+00,-9.964779828951000340e+00,-4.308245619747644639e+00
-5.669748823291376638e+00,-1.320264920482021864e+01,-6.477223102083902617e+00
-6.322252800000000228e+00,-1.401569121283966446e+01,-6.646111891575566588e+00
-2.951368691232376662e+00,-1.331038579796250687e+01,-6.462968145847161061e+00
1.380813617693070983e+00,-1.546950409950345673e+01,-5.399663335411696963e+00
7.490877372202898066e+00,-1.892016070389049531e+01,-2.773684823090307727e+00
7.797858504858073303e+00,-1.482825705561128338e+01,-2.515854970869326301e+00
5.769721709145187560e+00,-3.713956812981928479e+00,-1.632924489215833663e+00
4.546512114882394151e+00,-2.120200538836640725e+00,2.427478291806075550e+00
4.436961112167513654e+00,-3.785161886170560930e+00,4.025334780137479029e+00
4.288999445433682389e+00,-6.250019478658339622e+00,1.720911957858902053e+00
2.466832170364441801e+00,-9.978650594566417453e+00,-4.602728303864912773e-02
-1.420892158996391874e+00,-1.370986644969472934e+01,-4.495957805627283088e-01
-2.577815005466227660e+00,-1.412281333035324948e+01,7.446378976558200025e-01
-1.684075923307133960e-01,-1.069800667281767304e+01,1.218192949772777922e+00
1.555534724306858019e+00,-8.736106187417204794e+00,3.073194993224338534e-01
2.609931549883842461e+00,-8.311698874692011074e+00,-2.816560418560364099e+00
3.346225360882746358e+00,-8.743628433710103565e+00,-2.682786677421904908e+00
2.804171365515940817e+00,-1.017157789943421520e+01,-6.723685295927041006e-01
1.182488962732214377e+00,-1.031979111100397262e+01,9.694878813450057420e-01
6.473471177326499681e-01,-9.787962474802345270e+00,2.060327008134469118e+00
1.251698274080001116e+00,-8.670011580881247681e+00,1.665522084689840199e+00
2.536169576250598912e+00,-8.218498108968843141e+00,1.408384000609591569e+00
2.533819176530127670e+00,-9.108416595910748370e+00,6.600260406529041557e-01
1.969008867141674113e+00,-9.539925358509961484e+00,7.836835951023788382e-01
1.781202384097414271e+00,-9.390256739897765215e+00,5.744087546023037838e-01
1.882721546859167372e+00,-9.980392587436668350e+00,-4.349467724074446151e-01
1.650292020075544430e+00,-1.026814796179721334e+01,-1.261329360278333533e+00
9.795773896310987494e-01,-1.052054719353193590e+01,-7.306999373456544156e-01
-6.632799495045322846e-01,-1.080202381225291397e+01,-4.567372813118877328e-01
-2.660165819454188174e+00,-1.123829165678060349e+01,-3.673488891388724253e-01
-3.429521424719045086e+00,-1.293009159832713273e+01,-5.230522322497126453e-01
-1.005123048299983113e+00,-1.399323333759049959e+01,-8.922542922562679557e-01
3.883152945630237163e+00,-1.403268960267920917e+01,-6.747422590551991339e-01
5.427950419252811187e+00,-1.402485156795188637e+01,-1.180393985083387554e+00
5.894822539104235481e+00,-1.219893486812981287e+01,-5.555985238518236224e-01
5.772439395619945124e+00,-1.038153550879214393e+01,4.909695654376956542e-01
6.044362796797061677e+00,-9.733917344719742459e+00,6.736941420690201188e-01
6.550108710294776593e+00,-1.045753421457116517e+01,1.168047169142585107e+00
6.556583888888854794e+00,-1.148388072087011302e+01,2.309751203265963504e+00
4.312443790254352649e+00,-1.095042519825185678e+01,7.522845503761829145e-01
2.167259707689483950e+00,-1.008329080483215456e+01,5.751192878495348104e-02
1.750097853481737964e+00,-9.106606826183918812e+00,-1.048889433429759377e-01
1.771072496981401567e+00,-8.323402306205625933e+00,-1.721622708598354201e+00
2.432718676676157266e+00,-8.133558516153124529e+00,-1.247228823323842661e+00
2.595720928672692551e+00,-8.325087943968355830e+00,-9.193271567155019142e-01
2.241706930591905067e+00,-8.718910570789969228e+00,-6.710781661183810032e-01
2.260510262103027301e+00,-9.279781897715142946e+00,-1.221913623325744158e+00
