# x,y,z
7.040272675362234445e+00,9.770919772708150930e-01,-2.533656427177319870e+00
6.995437715624090558e+00,4.277239509643319337e+00,-4.328030478619022681e+00
6.076857494552751149e+00,7.952198193571417661e+00,-5.212161000000000044e+00
4.901087562213255033e+00,1.366518522379076472e+01,-2.894986210090208179e+00
4.886895113896507326e+00,1.433722032832785587e+01,8.594039846395874704e+00
6.425540919909441762e+00,6.486422167591774368e+00,6.304903503319655655e+00
6.998279180825424106e+00,3.142529014050025715e+00,-7.602344418218562883e-01
7.304016487463248275e+00,3.701948499827679928e+00,-2.220925300727319751e+00
8.041962204824958604e+00,4.472270923749570137e+00,3.653970949631754062e-01
8.100466172969785106e+00,4.975389401930671696e+00,1.714881901248440088e-01
7.704291095609251627e+00,5.278239614511742950e+00,-9.612688950108279062e-01
7.380773190320441657e+00,4.847323406769288745e+00,-3.212173480286525939e-01
7.729592867349527552e+00,4.189221618761559185e+00,1.044694174717638369e+00
7.753764373874034277e+00,4.190653512915562651e+00,8.418547241074672005e-01
7.229501035032047440e+00,4.788095709649961229e+00,-1.147282231743442238e-01
6.863936704759222351e+00,5.451237886861727056e+00,-8.911208015875763389e-01
6.902205357683492970e+00,6.649363851975994777e+00,-1.094903221290584039e+00
6.819610485284580470e+00,8.063568951425343911e+00,-4.148833308855627844e-01
6.030000640744960450e+00,8.448212088360264715e+00,-1.585427785862070227e-01
5.411312623217825468e+00,8.030200137180203868e+00,-5.295331421724730481e-01
5.482549250658890649e+00,7.506536703905384300e+00,-2.175841611017236554e-01
6.235448767852084906e+00,6.706511092771632043e+00,5.282642681536472429e-01
7.462629547401324004e+00,5.842097721840044500e+00,8.942114075777923832e-01
9.238753235233421179e+00,5.268902098165463066e+00,1.360511977027555108e+00
1.076969858441938221e+01,4.379027821151955990e+00,1.505992145512975444e+00
1.064225219392721300e+01,3.411106600000000100e+00,4.387029298816783607e-01
9.586777143242411370e+00,3.714182920096595897e+00,-1.345019649491796532e-01
8.560055861961728851e+00,3.938795597819610528e+00,4.547026454139128232e-02
7.595168180374401778e+00,3.184198931801018873e+00,4.768980776275528743e-01
5.956711225422956169e+00,2.315164834728329346e+00,2.720146897696956723e-01
4.692328678768573624e+00,1.714178546452544749e+00,6.397721046194703165e-01
4.330475574398538363e+00,1.851260994223093315e+00,1.135175671510085360e+00
5.547542588645526074e+00,3.175343927573570646e+00,2.685017463304556262e+00
8.303479504317870408e+00,6.714882523922444335e+00,6.849502173281248218e+00
1.140246310404579333e+01,1.007789308209577328e+01,8.895701092077711536e+00
1.222305085181469408e+01,1.102349950490822650e+01,3.075629217231393930e+00
1.256879183428905300e+01,1.082325622150874089e+01,-3.055129451794536877e+00
1.422684351381249535e+01,1.029751399445085980e+01,-1.177727858451929510e+00
1.309204006480295845e+01,8.985398977487463412e+00,3.867810742299853999e+00
1.135047279312203727e+01,8.368290609511594980e+00,7.141167353039069354e+00
1.251332940950493722e+01,7.361863398872105613e+00,7.135821019409604560e+00
1.145747027128848572e+01,5.375999927183699789e+00,4.018189868878208948e+00
9.432260593530306991e+00,3.373054426894883662e+00,1.675394581469539013e+00
7.266387681521587538e+00,2.507999977902052091e+00,1.213012989927456431e+00
4.618378084108504034e+00,2.156946733304356822e+00,7.807951607319866261e-01
2.300876494700736075e+00,1.424997457866989947e+00,3.975601857016149432e-01
5.317776728807479536e-01,2.354584509984220531e-01,-2.984281616732923914e-01
-1.074010602919547308e+00,-9.669272795916767915e-01,-1.892571397224755092e+00
-2.215810507053838307e+00,-8.986825851606554671e-01,-3.071800276151770426e+00
-2.832401877602199303e+00,6.235207496903091284e-01,-3.283308251765144181e+00
-1.909273893480624595e+00,1.983811322841680491e+00,-9.064504802258193106e-01
1.755228474392522831e+00,3.610970195759261259e+00,4.216414117387447646e+00
1.042367928483570161e+01,8.079532142016043750e+00,1.432209317543020788e+01
1.192583871972190757e+01,1.170973760191748880e+01,3.971751142932274270e+00
1.091066406330917715e+01,1.439138026262888559e+01,-7.886366403943354086e+00
7.618601917471321983e+00,1.711539079507447170e+01,-1.199680300179720049e+01
5.775997064988716012e+00,1.286702453242875599e+01,-1.076336985028389037e+01
7.085100439712026521e+00,7.136190810404703377e+00,-3.482016851391236401e+00
1.599178518162599616e+01,5.047305256854567546e+00,1.477227471572716411e+01
1.219757308833399101e+01,5.933455935534492021e+00,6.473107186783287226e+00
8.494907327768183691e+00,4.514182876142123213e+00,1.237321742879044617e+00
8.919367362854755399e+00,4.750317364808162246e+00,-2.242700987148934288e+00
7.812824079619696604e+00,8.840129317404807452e+00,-4.436720132996710753e+00
6.059293144718785662e+00,1.191380604205942362e+01,-3.990252577854864313e+00
7.440686917798400302e+00,9.496117432480044585e+00,3.109028732975521514e+00
8.518577129204398801e+00,6.142677140339303676e+00,6.671142366733363360e+00
7.092237182360640269e+00,3.701466384733900661e+00,1.988219489497508707e+00
7.128176700000000032e+00,2.009768949299146179e+00,-3.141902086759914559e-01
6.379569012795561100e+00,1.071479034440291800e+00,6.571119912525857920e-01
4.175227165692215969e+00,7.492404917296033862e-01,2.221726615821487005e+00
3.458447923270907776e+00,5.591657826979717916e-01,2.338274802818855580e+00
3.885294073032056872e+00,-3.250186425430849901e-01,2.248225293808295278e-01
3.719698143680211899e+00,-1.225906256500787439e+00,-1.262884858759984574e+00
4.482186215601340784e+00,-1.957015827548636011e-01,4.437914267397265466e-01
9.947706462070067701e+00,4.824534796337311526e+00,3.175068993422781816e+00
1.198463201799321354e+01,9.837607773275150791e+00,3.953496920404333981e+00
1.061794480843950872e+01,1.467452657015052608e+01,-1.308676464889613644e+00
1.005986670832619190e+01,1.885538727599140429e+01,-4.198053346095701244e+00
5.313788240137840901e+00,1.947156649191853717e+01,5.471793473936955587e-01
6.429558788620183485e+00,1.387321442272406813e+01,7.848946127788054561e+00
1.091181673449360545e+01,7.860443743073570744e+00,6.195384191282347963e+00
1.375687836597343860e+01,4.420553299044756912e+00,4.921310096792528732e+00
1.329727817864715611e+01,3.662791602012456238e+00,4.654295020608006261e+00
1.173024377421669584e+01,3.264077568234370563e+00,4.221795505998913178e+00
1.018322710623755079e+01,3.492165220181317142e+00,3.717051252141738260e+00
8.305528977285867143e+00,4.359518563417932313e+00,3.087416883484807695e+00
6.332062741043560372e+00,4.173884127433825419e+00,2.038538612622564639e+00
4.911381152809064510e+00,3.095796316688873340e+00,2.092488326630423945e+00
3.651133358077598423e+00,2.060703662538751590e+00,2.069154610308174824e+00
2.226622515994005180e+00,9.937311592830333495e-01,9.621330319472107817e-01
4.874612005216815147e-01,-4.017032138221267035e-01,-8.557980746110274706e-02
-5.157461789686828002e-01,-1.338000708974551145e+00,-1.173592006654076147e+00
6.009322490029930242e-01,7.175569035419474551e-01,-1.040811064497705551e+00
2.583336264731932008e+00,2.918065079682748753e+00,1.145393072809734125e+00
2.847151509979148454e+00,3.989520775639334715e+00,3.839365592798831717e+00
2.343940120753493339e+00,2.417608945915133312e+00,3.133993518238656240e+00
4.517834060821526165e+00,1.583655092713278645e+00,2.441906381110659385e+00
5.221139848789450255e+00,5.358845582436676303e+00,-1.218019621707379763e+00
5.597313570223866996e+00,1.115519546346681246e+01,-6.381571607972526650e+00
4.752638512218531730e+00,1.822787107936024142e+01,-9.947782291685149048e+00
6.286486658270535877e+00,1.796009914044499922e+01,-7.266332263718184414e+00
1.565103853921059596e+01,9.052882334954203358e+00,9.881789438183643526e+00
1.893707962901458330e+01,4.835622537514519870e+00,1.202989035707856047e+01
1.454043599136663545e+01,7.157804701360153565e+00,1.457318703654149616e-01
1.225263361455987621e+01,6.250151983165822323e+00,-2.937324047025268392e+00
1.169294209402096207e+01,3.735032579917818119e+00,-2.925657130290285401e+00
1.004253575830561829e+01,5.996145752595453793e+00,-3.014567563884056778e+00
9.107159097023016514e+00,1.070893637760869055e+01,-4.906561878485223294e-01
9.988729502588258313e+00,1.048521711332853457e+01,7.777998968783389699e+00
8.116381070962445321e+00,6.708595519040395416e+00,6.764435535262123267e+00
6.934539181065501268e+00,4.259226701302187834e+00,8.295291472730171867e-01
6.255061628563971965e+00,2.325754040133328537e+00,-6.325887683135604789e-01
4.433500677611070806e+00,3.818622487759952278e-01,6.582225739438649637e-01
2.737167393309578145e+00,-1.162095791355223451e+00,2.130291204949489869e-01
1.460431522445893471e+00,-2.417622179265879190e+00,-4.989529758727753173e-01
1.603794471800567445e+00,-2.524632234879159665e+00,-9.343628806866969283e-01
3.207195866056098854e+00,-7.716836026544270366e-01,-1.238586991980465818e-01
6.555159809584342412e+00,2.539704364185522145e+00,1.231166257634892958e+00
1.038927917081343111e+01,6.660674372484157502e+00,2.167177544468071204e+00
1.050535218001680171e+01,1.218755906334784456e+01,-3.361509177752856070e-01
9.553055429988454250e+00,1.854881543026605328e+01,-2.208536367702582215e+00
5.274063659314408348e+00,1.879041629647636569e+01,-1.313673444577999394e+00
5.313077295291082081e+00,1.354564566804137726e+01,2.742423885524532423e+00
8.309413348164021329e+00,7.419851650136544130e+00,4.894542739892107974e+00
1.039463646400959895e+01,6.321721615519419579e+00,5.202321700920331082e+00
1.099830423469771645e+01,7.800493449347526642e+00,4.465653214649812242e+00
1.189773164814532791e+01,7.701256451143393633e+00,3.837531852468134552e+00
1.186761979622839824e+01,6.929912189639441777e+00,4.058810827553609002e+00
1.045608691288382452e+01,5.363523706494037313e+00,4.394119929972784888e+00
9.069530028176043146e+00,3.056118081621363114e+00,4.837238991068396388e+00
8.372552792145770084e+00,7.669349464319324960e-01,4.823693517009241205e+00
7.513666811144736002e+00,-4.785875942183421272e-01,3.580659497512282741e+00
5.922661784612452962e+00,-7.220426651218834202e-01,1.328054136744486691e+00
4.153958361831323387e+00,-1.580678852071123019e+00,-8.902024712361068515e-01
1.880142493405568160e+00,-3.107279607039739489e+00,-1.253488102525678105e+00
2.395967368656639340e-01,-2.768170367010481137e+00,-1.754257016124301405e+00
6.388655670532032704e-02,-2.350900283567537441e-01,-1.803391574187432234e+00
1.180891763874215350e+00,3.962012435781174347e+00,-9.219481878846955691e-01
2.474882830808432299e+00,5.883221625990973536e+00,-5.060630224208531036e-01
4.042422387488379343e+00,4.449184437977681483e+00,5.705553970951743326e-02
7.180840322012727484e+00,4.555983993658427877e+00,3.782014468502282067e+00
6.289099744883332122e+00,7.994601367351165777e+00,6.934699630200111820e-01
7.119202674727665325e+00,1.123060986720534515e+01,-6.410136434860655541e+00
9.122236624543972994e+00,1.637364570329849300e+01,-8.960622988453888382e+00
1.112442001125289615e+01,1.764501511644040121e+01,-6.736991567718657592e+00
1.499294535414491314e+01,7.894406007261959068e+00,5.912482940372467688e+00
1.516645215166947125e+01,3.595229371131505314e+00,8.612742779104991087e+00
1.258625623825196982e+01,7.926676306556545981e+00,4.682511271540699127e+00
1.154976425418672825e+01,8.578248315791615397e+00,4.055912877574471276e-01
1.107679953061507838e+01,6.179543507321113793e+00,-1.577031914844420513e+00
1.042392457558239549e+01,5.403360848835208508e+00,-2.349839869786035429e+00
9.919518579995003194e+00,5.833856553788976385e+00,-2.606907676258396034e+00
8.849250762360222566e+00,6.321123773426854164e+00,2.869486576106131448e+00
6.545111926052302742e+00,7.771535312436602894e+00,6.674956758474386298e+00
4.853064187461418655e+00,7.001330773671406327e+00,2.732364339961192545e+00
3.982441399682676852e+00,3.514307941571060301e+00,1.897155580200718394e-02
1.813391926421282996e+00,2.300683991270957574e-02,-3.769559988590807098e-01
8.430133383135553216e-02,-1.968164852271770959e+00,4.774291627395623183e-01
3.250046584893985790e-01,-1.231243922802962354e+00,9.576162154148366579e-01
1.742751857265008031e+00,-9.819126989930174187e-02,-1.028484637233038734e+00
3.709061663157885658e+00,4.708843485924948946e-01,-3.863820428930848094e-01
1.058422418073619475e+01,2.182700130465055288e+00,4.301299719603891347e+00
1.219158179248268326e+01,7.255238310869636109e+00,1.235204613351901237e-01
1.433953621503773945e+01,1.463655220619722641e+01,-3.667094917742533156e+00
9.470703193504427020e+00,1.933100876294961523e+01,3.588029946049178243e-01
2.487590123654516816e+00,1.501615267659629005e+01,5.458633845658956929e+00
6.693202658284080009e+00,5.652054610942898627e+00,7.946249511862825798e+00
1.064898781796664373e+01,2.847204989005976294e+00,4.398544602631021760e+00
1.246302989080153623e+01,3.291146223961884498e+00,4.207970097128415077e+00
1.188532722363649974e+01,4.333082742518017838e+00,4.798877138153717858e+00
1.150495847616960354e+01,4.717348267787825122e+00,3.866625519978010406e+00
1.296017316720856094e+01,5.342035721794821335e+00,3.295244146914195760e+00
1.208249958454515394e+01,5.017060913683041967e+00,2.601683866712041215e+00
8.983899203730503658e+00,3.283686771195750254e+00,9.218214545061018672e-01
6.479259818944342442e+00,1.359936180268045192e+00,4.592450000000000143e-01
4.458466263317622413e+00,1.776855961905519921e-01,2.486477929459448344e+00
3.107585579205420334e+00,1.861172420339584632e-01,3.404678229618165464e+00
3.188928119743565048e+00,1.546607253991319153e+00,2.686405073630143470e+00
3.606101777006936793e+00,3.303134997811567608e+00,7.753825475981979132e-01
3.539433417710163621e+00,4.541994453491063233e+00,-1.214359870657392371e+00
3.580051043359017804e+00,4.677352337232354884e+00,-1.673123758290742114e+00
2.706938944128120195e+00,3.215422412215016568e+00,-2.369182844308037883e-01
1.489157540658719858e+00,1.133600965925409154e+00,1.548423193308892110e+00
3.178805544710314290e+00,-2.434593503084100385e-01,5.240876478216829781e+00
7.490054221312359317e+00,5.068831439653401993e+00,3.235930831088914772e+00
5.781666713908503397e+00,1.217327640892973406e+01,-5.644955911053960662e+00
3.132375655636697509e+00,1.825445541300512886e+01,-8.529687951059429452e+00
8.952471206206208620e+00,1.795690888864742973e+01,4.776360174008930093e-01
1.297287657275238359e+01,8.078040119206461256e+00,3.893345508421712786e+00
1.350918012660270051e+01,1.440222183627636987e+00,3.431529039435610606e+00
1.161661977944303104e+01,1.568424422047063782e+00,2.620160659216539845e+00
8.316107000000000582e+00,5.417368090697966210e+00,8.931759797167584392e-01
8.610148918531528750e+00,7.365262646757505749e+00,-2.714790074745240034e+00
1.015574573972508610e+01,1.021996494901292074e+01,-4.987313479071216804e+00
1.171653387635320342e+01,1.016037345531346148e+01,-5.180486436372431225e-01
1.297950674091562817e+01,6.208547695874981898e+00,6.774086908375053007e+00
1.046612310447294014e+01,5.428946137102864000e+00,4.043855657830841110e+00
8.562808209333454101e+00,4.624864270157639012e+00,4.369955831342762775e-01
8.067476738291473382e+00,2.165272154496161949e+00,-6.012470495972231932e-01
5.973493454119968682e+00,-5.374403611662373903e-01,-1.265107816061313284e-01
2.897270196146398913e+00,-1.032797302719368426e+00,1.026500311119599829e+00
7.533879578041478009e-01,-6.261114458803483940e-01,1.424654247672346052e+00
4.753887846598924272e-01,-3.683165565248029960e-01,-8.119020947929711518e-02
1.006820338936609271e+00,-7.476494311942329940e-01,-9.661205138480870591e-01
2.771431852443935639e+00,3.252995029188260334e-02,3.527635280546875252e-01
9.642535305066193274e+00,3.685773359417154893e+00,4.395264116715604352e+00
1.213554342217704196e+01,8.217615234288004444e+00,9.695058608441065040e-01
1.522362485001100474e+01,1.335489979707559804e+01,-5.399778655762724533e+00
1.288064831044115444e+01,1.941088961294583726e+01,-4.827202255533054931e+00
4.418243941579952150e+00,1.676962258982090148e+01,2.381956477511811610e+00
6.571227490792267645e+00,9.733310248209186000e+00,6.948134115184371851e+00
9.916945605687391918e+00,5.335808578508226319e+00,4.192607871039021994e+00
1.282465720401419418e+01,4.489975308407389676e+00,5.222792042595261641e+00
1.353605576230487628e+01,4.594843335640808490e+00,6.411763789593419638e+00
1.413344475442029058e+01,4.563202625212437802e+00,5.315868782069963494e+00
1.399284669323336772e+01,4.695336755988337885e+00,3.226978170334397600e+00
1.104847602433634179e+01,4.790319451399433603e+00,1.919239385285003152e+00
7.641559694591020246e+00,3.799067867654137842e+00,1.096124928759587558e+00
5.188822317019803343e+00,2.698900524828006908e+00,7.322511018268085259e-01
3.296263490633033477e+00,1.583604063941518758e+00,7.186319393032217784e-01
1.374342678479675728e+00,1.241277904808817112e-01,8.014650282015596261e-01
5.248798385768112945e-02,-6.812828790467682083e-01,8.391496363242841872e-01
4.957202726984086816e-01,4.881088047758644910e-01,-1.031265791481122962e-01
2.681722426265228165e+00,3.486219758499736088e+00,-1.060463096001633243e+00
3.847192944182755703e+00,4.425062459794714798e+00,-6.466729647823087068e-02
3.266572608728445015e+00,3.236999478870172808e+00,1.913332624341908872e+00
3.629514199211426373e+00,3.230605093970275732e+00,4.322008879142570592e+00
5.249635012292859670e+00,5.140761162721856792e+00,5.875429894919106388e+00
5.152798162668720039e+00,7.984624186623332065e+00,5.006625818187432131e+00
6.288594894590613826e+00,1.103887003856806537e+01,-4.627952549748102662e+00
6.159529252154968049e+00,1.375759099999999968e+01,-9.637255463420672186e+00
7.631582860971231064e+00,1.119186921128957835e+01,-1.019851457637895642e+01
1.309436263936069444e+01,5.969718358746711750e+00,-4.799471214654533746e+00
1.919590630885908666e+01,1.028053816512880303e+00,1.231200801760431318e+01
1.733591476160290412e+01,3.678116941360444869e+00,6.589324999909578651e+00
1.202744523037083368e+01,6.592237871039001718e+00,-6.646934936375215042e-02
1.185200896641764423e+01,7.158820686901918862e+00,-2.614714579128425420e+00
1.228479887950543414e+01,9.967615787728975718e+00,-3.657316161837159019e+00
1.315507630206422540e+01,7.428477508012139907e+00,7.546443243752767316e-01
1.058870297544673988e+01,5.234245668316586553e+00,3.888495283253372570e+00
6.940207152936489265e+00,4.603697543081254118e+00,2.510357499307156459e+00
4.340369863483457991e+00,3.924597180614300296e+00,1.282172026823836575e+00
3.476305066597954685e+00,2.127672999862201042e+00,7.123344621473280958e-01
3.964217250516373525e+00,-2.277278682625569206e-01,6.955086786312052183e-02
3.136785203102252062e+00,-1.843197582286377756e+00,3.213162579763501059e-01
1.251913430520206205e+00,-1.961660233984038992e+00,6.077723629177450571e-01
1.055809095405115361e+00,-3.538303961695252742e-01,-2.773865643204680431e-01
5.090261283854740082e-01,1.111991790091059418e+00,-5.715862864357816875e-01
1.726754083619985058e+00,3.330003979562261573e+00,1.848982143586282767e+00
1.030088982691814437e+01,6.563995297362547277e+00,9.805792539100043115e+00
1.262900423008971629e+01,1.095444553045087765e+01,4.037076758756379391e+00
1.183781642797161560e+01,1.557400904694041799e+01,-7.063557065902259069e+00
7.069031389700092483e+00,1.439491364491190950e+01,-7.851633490694196471e-01
8.180373437824586702e+00,6.798418052085999363e+00,9.326366198788964113e+00
1.271893012061627104e+01,5.586997598767453610e+00,8.402250671078482114e+00
1.516135592579474078e+01,5.001906641433040868e+00,3.604008157459950734e+00
1.649570367654524006e+01,3.162246182505161762e+00,5.650459926382849218e+00
1.477214410443776593e+01,2.227226875451669308e+00,7.600920888138039011e+00
1.352559556040687383e+01,2.439659315206846646e+00,5.585797907913813809e+00
1.307098077913887479e+01,3.001105283927162137e+00,4.041297871989410595e+00
1.023537265014552311e+01,3.179267739541238313e+00,3.463364139187137702e+00
7.184314261464632700e+00,2.175904937881924184e+00,2.341756815331424768e+00
4.805451216087782917e+00,1.026816192436170283e+00,1.441140655375334090e+00
2.871694615734051048e+00,6.505802455568864273e-01,2.140912538638860774e+00
1.863970524780795612e+00,1.560296440773561166e-01,1.629275872753195298e+00
1.910169127079073492e+00,4.962580503059446091e-01,1.479650469493842824e-02
2.337333563458970698e+00,1.646048561658238540e+00,-1.186472873869677702e+00
1.947972586229428371e+00,1.794524180932553836e+00,-1.870663465041929818e+00
1.042896145958770671e+00,1.077641909502604189e+00,-1.284041669436970512e+00
8.628750802925220231e-01,1.612113554335180554e-01,6.745042021655225373e-01
3.731321111326282747e+00,1.431706946046168438e+00,3.263651360725828177e+00
1.046028162145941742e+01,7.663378535054192753e+00,7.843210739072917548e+00
8.718526877383251161e+00,1.172162778550542406e+01,-6.897931259885998756e-01
5.794167950654069088e+00,1.596352655906474638e+01,-6.846893560000185452e+00
3.400722774590159148e+00,1.502171882003866088e+01,-9.425153641003802818e+00
6.030929896030768234e+00,6.689501852140559812e+00,-6.226117383900650282e+00
1.387766846624903927e+01,3.014637804397321652e+00,5.764379591085621257e+00
1.915921607844213526e+01,6.280511762111637530e+00,1.092188707967566685e+01
1.844360968887491126e+01,4.198418732583173885e+00,3.995938453708114846e+00
1.433609664534345463e+01,6.695200149651091559e-01,-9.054950764826824594e-01
1.331333179064924899e+01,3.168802777146210836e+00,-1.011550428611458496e+00
1.182697129604930808e+01,7.465205519386717725e+00,-1.534117019036319585e+00
8.453072371123131035e+00,9.033948688491831192e+00,-3.555282386417713436e+00
5.686701930905117663e+00,8.064807145956192969e+00,-3.146561756542303190e+00
6.915391965759901893e+00,7.374436015498625707e+00,6.104955393004105169e+00
8.986429269020820954e+00,6.127673412160496547e+00,8.447748068155167545e+00
8.442470328689228865e+00,3.377342601361899455e+00,1.423169017792961455e+00
7.416526177231745898e+00,1.489117029482906363e+00,-1.346035214133592728e+00
4.548548293312297375e+00,-1.280729304427891346e+00,-4.932126377218432611e-01
1.601450586047449720e+00,-3.166249574627935992e+00,4.611148156545878951e-01
1.176233248837296186e+00,-2.122079819419531610e+00,7.627336872093239961e-01
2.656364418867851906e+00,4.396182830118256502e-01,4.389737484828003522e-01
3.425297570392233482e+00,1.199824228589025044e+00,9.090078847002105444e-01
7.293877280561835263e+00,2.082592118959223360e+00,1.923919679076866895e+00
1.145552341624277659e+01,4.777697569208275041e+00,-8.068734373528544390e-01
1.206904992712266811e+01,9.694706836642973613e+00,-5.195765534689022580e+00
1.018048762522495565e+01,1.485944512206988222e+01,-3.636455100238224158e+00
5.526581102377101651e+00,1.578167593800512769e+01,5.032077846882183625e-01
7.175233276001788063e+00,1.149579897222690050e+01,4.761102666974543318e+00
1.088036085245408380e+01,7.281253910141712637e+00,4.393996784348445317e+00
1.341868716192204936e+01,5.085242640585960316e+00,3.342654815755626618e+00
1.381971081575373717e+01,3.781203201051911655e+00,4.095639003859023575e+00
1.412043459152747360e+01,2.603141900202685655e+00,5.046198561744846600e+00
1.512263289281612444e+01,2.463457327630745652e+00,5.075285490675208067e+00
1.403883014145296926e+01,2.540814436900887596e+00,3.752503816912798662e+00
1.046859191351124529e+01,2.620847635490890504e+00,2.903794211830297289e+00
7.949335475742622670e+00,1.942109117192043044e+00,2.691575706423602554e+00
6.592562126055430127e+00,1.380419830991419516e+00,1.771553057875304926e+00
5.415017633905296002e+00,1.462409397591067695e+00,6.699952628930964105e-01
4.228723984668041780e+00,1.534692844298798597e+00,-1.715544468508349574e-04
2.828600687226024313e+00,1.001170882182877753e+00,-4.528032367385653179e-01
2.046419985130987662e+00,1.396586278905157963e+00,-1.706294295254229265e+00
2.214803241079291052e+00,2.760897728778332727e+00,-2.514188135662765333e+00
2.870166517648801374e+00,3.777377863827541482e+00,-1.442510982129874941e+00
2.817754118401497365e+00,4.310535538610654527e+00,3.293916477284411504e-01
2.679212528033926066e+00,3.595924236374110627e+00,1.692278863625889640e+00
5.235159212506726334e+00,3.259450929474134728e+00,5.141878674018541595e+00
8.861524130188817239e+00,6.393779322053375402e+00,3.105483356510569948e+00
6.944619574060702405e+00,8.606651918253314548e+00,-4.962811759482347540e+00
5.936909952286749004e+00,1.061758857879136997e+01,-1.099637918968386074e+01
7.247848826131687794e+00,1.074396562143298262e+01,-1.193307299315520176e+01
1.125542594637349225e+01,6.552214585409116054e+00,5.229487849768059249e+00
1.539187414585604685e+01,5.886139182491493926e+00,1.178990279162673716e+01
1.477923047033261739e+01,4.342746605210002997e+00,5.381587479585259182e+00
1.256424975853214576e+01,2.966728670834399395e+00,7.013696472856563169e-01
1.236054084771518724e+01,4.072873258664888141e+00,-1.819014203839590671e+00
1.349550511288201449e+01,6.350182646455963642e+00,-2.642188261005225414e+00
1.289182512505898970e+01,9.543506932703529344e+00,-3.007251441812319737e+00
1.139474203333733016e+01,8.749035853330186185e+00,2.255199589527356885e-03
9.820653310874835284e+00,6.065284201716219847e+00,4.732963067265147039e+00
7.636546488406171562e+00,5.668177888934765818e+00,3.591255631166459406e+00
6.972689199949797967e+00,5.841136747045673872e+00,1.005770045101342269e+00
7.024264936525695724e+00,4.822378199656980335e+00,2.000931829579495058e-01
6.634635989781752841e+00,2.389394082643379491e+00,6.125262399999999996e-01
4.890522754120724791e+00,6.251869899945206033e-02,6.315088116002646190e-01
2.830868355018265170e+00,-1.849137293818698291e+00,6.891668399999999473e-01
1.537618989330403085e+00,-2.477013060881765316e+00,5.490940498757163057e-01
1.862434082460469931e+00,-1.189793595909605095e+00,1.628782247164730079e-01
2.610910038987643844e+00,5.793688837730487373e-02,-9.317538776754610286e-01
3.773840066657276004e+00,1.015691170168830482e+00,-5.953248063073031116e-01
9.229764587555276734e+00,2.628819270841027844e+00,2.270828054148332331e+00
1.310196703023543208e+01,5.826936031336505728e+00,3.533197838472512675e+00
1.418602254507661797e+01,1.120164042183057695e+01,-5.455116367552185430e+00
1.516251620227539121e+01,1.770642623709323971e+01,-5.127894272531293929e+00
6.694273940112410060e+00,1.930216194483150716e+01,1.677661817337678052e+00
6.621327613554703007e+00,1.215644036722759047e+01,5.789937791651170507e+00
1.063186632431924394e+01,4.014399928999869971e+00,3.773127038252232168e+00
1.324119484363287569e+01,1.772455717270615239e+00,5.950041797035758862e+00
1.467478388689073832e+01,1.304736600275802072e+00,7.376685082928778669e+00
1.696887594500632446e+01,1.165255516034915839e+00,6.169371383810723586e+00
1.762697393982024252e+01,2.468641001981229710e+00,3.809036521639932449e+00
1.488346625193543282e+01,3.449255149887410887e+00,2.082311167416299735e+00
1.028325497996438287e+01,3.635919754266772941e+00,1.322599130545647483e-01
6.647125726543334778e+00,2.985350767320903653e+00,-6.222342665358193692e-01
4.079913699729872611e+00,1.052609081898790988e+00,-3.591474226623165844e-01
1.876497015205295105e+00,-1.150807756469327536e+00,-8.352483855881174257e-01
1.148703216561468121e+00,-1.797806716748888256e+00,-2.494640430447240931e+00
1.487636054831106946e+00,9.593803274522738622e-01,-3.003447355090845150e+00
4.052409579896870118e-01,4.247982695224341576e+00,-2.272751439848923916e+00
4.297866983993557932e-01,6.781015955688808106e+00,-1.919720686429143619e+00
1.958928700358169017e+00,7.064528189504572175e+00,2.535165336802596148e+00
2.147911529435061695e+00,3.880577819659329464e+00,6.772611330568230059e+00
8.508489511444081721e-01,4.061250095366546187e-02,2.668048278176679222e+00
1.904771314173886898e+00,-3.129641349997988597e-01,-4.119400921128279158e+00
5.042973158363976083e+00,3.807616269236369533e+00,-4.810951468309593970e+00
5.783289988196615106e+00,8.526362529075578678e+00,-5.859073032163432337e+00
5.375197082710621466e+00,1.341819867609115313e+01,-4.400161326120839433e+00
1.024897602361724047e+01,1.845158081129041960e+01,4.641154620142939891e+00
1.458404760076065543e+01,1.335714969037236877e+01,8.202889518767314314e+00
1.605702747638671468e+01,5.032548549651249203e+00,4.630857263831595461e+00
1.878452499612857451e+01,1.876748058537743624e+00,2.722629427744190256e+00
1.923446644965044783e+01,6.405555757020393592e-01,-2.344515593779994411e-01
1.758006787058047848e+01,1.965671153559262363e+00,-1.985866751339416592e+00
1.435760909336519120e+01,6.925160891969763810e+00,-1.669969162896928871e+00
1.088509454105146368e+01,1.014238642811189273e+01,-1.644703454344722093e+00
8.495738573767232182e+00,9.715400203327883233e+00,3.223870813031183280e-01
7.243138000000000076e+00,8.091767819452581278e+00,2.524536774093029123e+00
7.264779836001526547e+00,5.694442473206278166e+00,2.488832243668600785e+00
6.957585760006258724e+00,3.551268029958328576e+00,1.898106990971966557e+00
4.913196412138586489e+00,1.638099431378920556e+00,1.339736274028709984e+00
1.998532671413284278e+00,-5.275123938292149983e-01,4.172835791070251266e-01
3.458810916293132420e-01,-9.543975913685807111e-01,6.466365028158431727e-01
9.251935825147865611e-01,-4.517131174689693884e-02,1.203390764026215809e+00
2.196858363800441083e+00,1.360669461874883579e+00,7.944414295859876241e-01
2.534550079236229436e+00,1.709032247175847230e+00,-3.029218030776764659e-01
3.299935125831368055e+00,1.477638696469586232e+00,-4.813105125094984671e-01
6.195360715859630218e+00,2.002183891458434672e+00,8.009384335372560226e-01
1.264086739150858030e+01,3.950974721674915813e+00,3.947572349301913697e+00
1.380461942190970603e+01,6.840978628494341685e+00,2.051113885368542000e+00
1.213540998318942243e+01,1.069177119908591678e+01,-3.870833575012750938e+00
1.064193089710237849e+01,1.544417634807982154e+01,-2.404652242755946467e+00
8.914773694093376832e+00,1.862000718264424748e+01,4.174097725559534844e+00
9.474349571936150127e+00,1.406172840031584848e+01,5.194907936602565890e+00
1.253240251422745288e+01,6.702999217226889073e+00,3.810889564602497614e+00
1.467203995777470737e+01,2.293898626705934696e+00,5.531594242967476482e+00
1.649517308342674582e+01,3.820429922635534270e-01,7.570506973757271219e+00
1.631424555124528197e+01,1.535694426302995352e-01,5.871539169669532043e+00
1.420256204487383478e+01,4.821960964929509208e-01,3.781362207608461645e+00
1.105333719686949934e+01,1.092520022304782845e+00,2.627023093820444188e+00
7.676319253484332528e+00,2.369209020460754100e+00,1.511866976712225030e+00
5.085072348771838335e+00,3.436701408773124911e+00,1.294557822181999773e-01
2.871135414275267639e+00,3.906483225563568862e+00,-6.889706211457494733e-01
1.648192612079903530e+00,2.766810386593639759e+00,-4.526946156268716326e-01
9.186908587596723796e-01,9.525221862036863385e-01,-4.079514902397339271e-01
-4.549408607129443727e-01,-2.042585833796816408e-01,-1.038104354754407765e+00
-8.246947765784600204e-01,6.091105335219130223e-01,-1.978943887854310191e+00
6.261808048150641071e-01,1.583228725523586844e+00,-1.559274530184465046e+00
9.590441011143058248e-01,1.950433784481547361e+00,3.804166407906527381e-01
1.346852778649675342e+00,1.260918508561447382e+00,2.223014357263821239e+00
5.366531100891746675e+00,2.838794212602978373e+00,6.445847222376604790e+00
8.085945777275936663e+00,8.871322418648748709e+00,8.074801856205898076e+00
7.309347228900978877e+00,1.301270162144214027e+01,-4.567702075529816774e+00
7.282665581670662469e+00,1.508036578122736948e+01,-9.798200689580681910e+00
1.010228440287882989e+01,1.288960566453411261e+01,-7.929912342631298294e+00
1.578105827658863092e+01,5.217002108391120885e+00,-1.653113812869174026e+00
1.927977508451340682e+01,-2.184546473840065506e+00,1.080780004686752171e+01
1.577531599961747943e+01,1.261399275640775031e+00,4.544921552607776860e+00
8.231583525417052627e+00,5.287467648986416080e+00,-5.515135830893286295e-01
8.543666778180398325e+00,6.808505022686638597e+00,-2.600501953137952071e+00
8.449818227434008122e+00,9.623486474830075466e+00,-5.379815612167740291e+00
8.742051616328188501e+00,9.247012585100964799e+00,-3.615318987711618082e+00
1.156219329813642815e+01,4.078998916277595477e+00,3.492381628252405612e+00
9.875557190256140316e+00,2.310720026171154018e+00,4.955926647973652344e+00
6.158406184571424191e+00,3.913237154273799590e+00,1.620480345102926822e+00
4.464719140694008992e+00,5.446410155089380645e+00,2.133503496676339983e-01
3.088640961971070187e+00,3.618924655415368452e+00,-1.204431596528219961e+00
3.222293269443097685e+00,7.136124804797089327e-01,-8.235244005863084915e-01
4.220019383363432297e+00,-9.740798900676290728e-01,4.596786529948473365e-01
4.885883433954793631e+00,3.170976721906108575e-01,1.498861665302207991e+00
3.698525323820899935e+00,1.507371032942518063e+00,2.247043842413965375e+00
2.310816847499787663e+00,1.609697767501488741e+00,6.469510554818922454e-01
2.459053833096560560e+00,1.277381706207295409e+00,-1.839671312575851037e+00
2.801186064718801383e+00,1.150208099999999956e+00,7.044730355012518430e-04
1.063243373820282578e+01,3.065665977873010206e+00,6.438625787771426801e+00
1.623754208035739666e+01,8.823069009064909096e+00,4.451377763837903956e+00
1.728284186227744712e+01,1.339691866057779990e+01,-3.548816242681591682e+00
1.552487824257694449e+01,1.742396328347550849e+01,1.569680491456481031e+00
9.053179601892669126e+00,1.681059171157072996e+01,6.620008859181493399e+00
1.048513166055587043e+01,9.583347069949635255e+00,2.231395081349482723e+00
1.276045992841539700e+01,4.876214297846069634e+00,2.551701696234870198e+00
1.398364707815738939e+01,3.844718190785350487e+00,6.331212343738573445e+00
1.507734473090494021e+01,3.976714886908862212e+00,7.021214549089687118e+00
1.515865608276133614e+01,3.776062558571064987e+00,4.914014485047463410e+00
1.267387958486380839e+01,3.170880535132622136e+00,2.967777292848812642e+00
8.741755195272888912e+00,2.965244229676108123e+00,2.459149778056648472e+00
5.142651013471667198e+00,2.846759990698527254e+00,1.504404416445908277e+00
2.543338739045816421e+00,2.687062164337117309e+00,-7.405340029728017803e-02
2.773984087805145826e-01,2.189135325386708075e+00,-1.447262380103580548e-01
-1.090103516475766199e+00,1.285755859722457650e+00,1.213614736664959226e+00
-1.183920025947626131e+00,9.644247701011491314e-01,1.088820966226596632e+00
2.238366572730072779e-01,1.380645774439231976e+00,-3.187347091524236342e-01
2.083340184391263783e+00,2.634296431922311221e+00,-5.813121440703472587e-01
4.056764467823706255e+00,3.991260226224317975e+00,-1.084763167272970175e-01
6.194324180236526090e+00,3.464645643812746645e+00,3.535211211232265782e+00
6.837064888654363237e+00,1.067804899806654717e+00,4.889994614636491654e+00
8.183960304108680361e+00,1.008993801883534824e-01,2.171930853360754643e+00
1.111838215185467149e+01,2.568605381603498383e+00,1.541543630663771092e+00
9.947441949434495001e+00,8.384969584827969058e+00,-3.974340923542801107e+00
8.431251735266355851e+00,1.386872304114436361e+01,-9.133545378772186751e+00
5.085852498797393650e+00,1.584303009646455251e+01,-9.636242905719509366e+00
6.522930595461359005e+00,9.464201278023782749e+00,-5.360456775814347097e+00
1.393179079861196001e+01,3.292653355504841617e+00,6.249124403041141029e+00
1.534759079134842530e+01,5.294605056391791464e+00,6.731234804845698250e+00
1.234225666820275791e+01,8.071563461305178322e+00,-1.384147274060965271e+00
1.314444586434739115e+01,6.787692498137721131e+00,-4.760763954731702441e+00
1.265403352823303962e+01,4.328247336369846821e+00,-5.153530477181473834e+00
1.131289790549040575e+01,3.372321506737421704e+00,-2.966875348975837490e+00
8.755202455624356617e+00,3.773110607747181877e+00,1.205323759975249986e+00
5.525680849529859273e+00,6.069963928812809328e+00,2.824949333076438140e+00
4.054639264965915757e+00,5.885243678008296619e+00,1.849069682790271951e+00
4.182333602202206180e+00,3.487092319899097514e+00,1.899398601028646216e-01
5.558141442594089376e+00,7.696464908708020580e-01,-1.198565642986127999e+00
6.376666443155802000e+00,-1.042460746287125151e+00,-9.971621514180505352e-01
6.492037020308169204e+00,-7.966177687694959708e-01,1.064403539388432129e+00
6.746211530861372374e+00,9.351312329422462044e-01,1.941376266201584100e+00
6.655431963849185450e+00,1.988986534961979524e+00,7.015887114174492734e-01
6.161417683526908107e+00,1.832946267964885134e+00,-7.026955704973759653e-01
5.829101685257294108e+00,1.614436099308945272e+00,-1.303489300000000073e+00
5.453154176435389466e+00,2.001982755872632413e+00,-5.641219403366337648e-01
5.557395217631197148e+00,3.569248561117354779e+00,7.443112127563508151e-01
7.878720934481102667e+00,6.009811856350195214e+00,2.742844489219245396e+00
1.151585815198725271e+01,9.157686272408518846e+00,3.963784933342260786e+00
1.291923507455661913e+01,1.261518762342866395e+01,1.823575677019945829e+00
1.255936517440010824e+01,1.398834779745529744e+01,2.390624186588432287e-01
1.122146161677294529e+01,1.381516045600504583e+01,1.701131097291537220e+00
1.200088629332434920e+01,1.175287535717450282e+01,1.855997953673054646e+00
1.304377740216461312e+01,8.332470714348620078e+00,2.349330025750344220e+00
1.375373302775837026e+01,5.037920886593279413e+00,4.888418259711288627e+00
1.351762527896016763e+01,3.522628490765759235e+00,4.917611348207596045e+00
1.291518628667081003e+01,2.355477944804852619e+00,3.591662588123338828e+00
1.192125323617595711e+01,1.687704944804881091e+00,2.632641766145540352e+00
9.805155799953507056e+00,1.571731599999999895e+00,1.824188238086015268e+00
6.769152044157710435e+00,1.753966407858357668e+00,1.881525989914313302e+00
3.778338200324832918e+00,1.853777007153164291e+00,2.415486989815020191e+00
1.012867779525475243e+00,1.349386027586973791e+00,2.138944547900342830e+00
-7.118388035927996071e-01,1.045380443967430656e-01,5.831155521834727740e-01
-5.404451828097533994e-01,-2.431841709108526761e-01,-7.250573036157563767e-01
1.799573501851727597e+00,2.662769131085730656e+00,-6.772556847476939312e-01
5.078209927023639381e+00,6.206654302626434472e+00,-9.549179819096587085e-02
7.789097689152503889e+00,6.990738360388918160e+00,2.618719469788039156e+00
8.123967138108893593e+00,4.767613868477720729e+00,4.067833272417641588e+00
6.488688724654958051e+00,2.314678582927914618e+00,2.846947768527139822e+00
5.022946014443775198e+00,2.029189148343448323e+00,2.840444725666467995e+00
3.980927580758103268e+00,3.846986997765273308e+00,1.999352400400173924e+00
4.302765014833275004e+00,9.755406491787059764e+00,-2.500048229229529628e+00
7.165725264780067327e+00,1.197311710468357404e+01,-6.740162892809111739e+00
9.695143542211086540e+00,8.663813062368665996e+00,-6.313782490452688023e+00
1.241604930395513939e+01,3.663575976044392668e+00,-4.900230810035839824e+00
1.637535681711198166e+01,8.959928186295756936e-01,3.919445873496731014e+00
1.645886565641903232e+01,2.181266243242666825e+00,4.618155817200546132e+00
1.173866354738463258e+01,7.656489050886941428e+00,-3.123339062884232797e-01
8.879707867668805932e+00,1.102446968797982585e+01,-4.094392860712757987e+00
7.412012487633170998e+00,1.018633663592686744e+01,-4.573526285120343537e+00
7.340588618515092811e+00,6.621106299364069692e+00,-2.366322346560140399e+00
1.028726718904397508e+01,3.158819410446114695e+00,6.558210368668795365e-01
1.077669319595918118e+01,2.586413692262709674e+00,2.421145542630797731e+00
7.492682831374029462e+00,3.844397277128037693e+00,2.656367648746474242e+00
5.052881070783787010e+00,5.025784764416883377e+00,1.693237453045647989e+00
4.215832999999999942e+00,5.177830611714279385e+00,-5.680789834961041951e-02
4.512570715059783133e+00,4.152618856707799289e+00,-9.536940929998083405e-01
4.963228598575299522e+00,2.152111241579994338e+00,-1.086925465153168735e-01
5.487956193504069269e+00,2.127121345657716767e-01,1.969308133738347122e+00
6.518096518228619018e+00,5.434803983711714026e-02,2.647005284436481531e+00
7.143846026856344622e+00,1.408214114391874050e+00,1.711400596108307415e+00
6.630503999196275089e+00,1.629457627843289069e+00,-2.984721305155567661e-01
6.055279894256424100e+00,9.937275497133095659e-01,-8.419740797840900015e-01
7.228231602307658044e+00,1.363171499887027238e+00,-3.197892447561587193e-02
7.711496781010733770e+00,3.610243566348783517e+00,-5.469093330575872658e-01
7.005831716423276845e+00,6.272655314051513997e+00,-2.705750264533242078e-01
8.199191325035023681e+00,9.235605518877667564e+00,1.484876369959445164e+00
1.091837408007049248e+01,1.226916368530390322e+01,3.715194004864373678e+00
1.254570165100378354e+01,1.482513492801836108e+01,2.694342549268151643e+00
1.284599256738996687e+01,1.503833961921965567e+01,1.183753276621740458e+00
1.288267013676797390e+01,1.303817279329627432e+01,1.877096499999999946e+00
1.353521636917965054e+01,9.628619088897291789e+00,1.970638259991021046e+00
1.395935404452525574e+01,6.095037641729861733e+00,2.805109516681449477e+00
1.411365350901150784e+01,3.928533062737594506e+00,3.572753220797443063e+00
1.353680116761304397e+01,2.606850669668689946e+00,3.286285971711558673e+00
1.212633771506278713e+01,1.315124216073312091e+00,2.981326072494521640e+00
9.533403748070714556e+00,4.141922549476581561e-01,2.536164896827685311e+00
6.460247687133997552e+00,2.880075439190672437e-01,2.687304888361222499e+00
3.648993985755950131e+00,9.630313822702989413e-01,2.524205436005442671e+00
1.327770670788217977e+00,1.447475117462608152e+00,1.471792468086466243e+00
-2.892666450992846805e-01,1.226575178841655234e+00,7.408995325807762322e-01
-1.388887269376051670e+00,4.266870760578677091e-01,-4.413579626488657315e-01
-1.940021886940569873e+00,-1.179921458900700382e-01,-1.630353416286282497e+00
-1.129088093898738654e+00,2.046262221628947664e+00,-1.914360874416367153e+00
1.474968395583419190e+00,4.330202114304215755e+00,-3.300154381427222727e-02
3.717683237233655902e+00,2.801991853381493591e+00,2.802856881632554753e+00
5.888651955099476254e+00,6.051813594931337859e-02,5.159918439171319982e+00
8.824820847873533936e+00,5.173446705391415712e-01,5.896598826106004054e+00
1.285079595821093434e+01,5.349348272079786248e+00,3.056049303222030389e+00
1.150112484953962522e+01,1.159302844275415723e+01,-7.091166576928933374e+00
6.132152370477645498e+00,1.840896625568559486e+01,-8.997098171821360069e+00
1.198526292366838497e+00,1.732727349596265043e+01,-7.591283468331058160e+00
6.734657838897797788e+00,7.970730066786507528e+00,-3.872041109095783362e+00
1.712329824199313322e+01,3.438525757005152172e+00,9.855199662660899307e+00
1.896551561409062003e+01,4.940419067872411141e+00,6.746794973951798724e+00
1.724554970494100914e+01,3.357401780396786606e+00,-1.435454343219790596e+00
1.724532338558305611e+01,5.247358941190846116e-01,-4.283743058941771764e+00
1.507739578075330833e+01,2.959088119805528994e+00,-1.302516484538343233e+00
1.192383606914120264e+01,7.091268772314686331e+00,9.623327583442564670e-01
8.613824196107602305e+00,8.502166302185257152e+00,1.474399309256144930e+00
4.914694671646330448e+00,7.651532440328259632e+00,2.467324280137499048e+00
2.976853143383273448e+00,5.054204183405982320e+00,1.979327425417131803e+00
3.479951922346841364e+00,1.855564154049107017e+00,1.274175577524200520e+00
4.074595740180129155e+00,5.533947138423242484e-02,3.596103613689154987e-01
2.709597593774974111e+00,-5.758541442782544317e-01,6.216942612389063649e-01
1.166347999640099831e+00,-1.689875055096783651e-01,6.206787266911077960e-01
2.649130334074916715e-01,1.966587676410526397e-01,4.975652999999999881e-01
-5.293555513725382855e-02,3.990158666446994573e-01,3.999340965239210344e-01
1.223253341149185824e-01,1.171692526396518330e+00,4.396199960010228058e-01
1.108415353211100296e+00,2.311966857986453849e+00,4.408188908234484948e-01
4.475590567052229574e+00,4.104190832051694215e+00,1.097006786014505186e+00
1.161872212110884917e+01,7.579438884489517747e+00,3.587076697487481702e+00
1.720854882593563673e+01,1.440537947867387025e+01,-4.579200434444657297e+00
1.785051997766871423e+01,1.946081284477999418e+01,3.119170343946425561e+00
1.157576765885669445e+01,1.944516528590352422e+01,7.816156540007300535e+00
1.100883476903529612e+01,1.359886703072316294e+01,2.866819143894991484e+00
1.439017469637833457e+01,3.999334669415981480e+00,-1.431743716844106618e-01
1.632106908212685781e+01,1.482326550584517122e+00,3.094591251456786818e+00
1.648278432671136429e+01,2.098274162182457658e+00,4.160364120495950502e+00
1.481735308080235214e+01,1.962443134969276581e+00,3.222190770260820791e+00
1.101623767775837059e+01,2.459120765274917630e+00,2.879124487605967175e+00
6.761751944608209719e+00,4.571487250449269624e+00,2.895918513254359006e+00
3.781658118644042332e+00,5.469377589119355676e+00,1.974886180983627781e+00
1.367251561457218934e+00,4.190155006443540664e+00,5.854784202322717013e-01
-3.363942611971589697e-02,1.915355920359179009e+00,-6.878526777631053246e-01
-1.651244172147166012e+00,-1.357899853935166767e+00,-1.915051486940711367e+00
-3.768078186641696803e+00,-4.471955674263819347e+00,-2.630175346363681221e+00
-3.586984265990480925e+00,-5.309346860982874006e+00,-1.154311204624491438e+00
2.016666052241359530e+00,-2.824551034913265646e+00,1.508690453113205709e+00
5.208882944075241994e+00,8.632626041090527558e-01,1.845440535995063414e+00
8.461487484187284025e+00,8.737461025170853990e-01,4.782466243398620698e+00
1.279809219207526638e+01,3.082984769107240730e+00,9.187082920630167848e+00
9.538364913813961010e+00,1.026280886771217915e+01,1.792836488541863060e+00
7.798647105724482387e+00,1.686090578573443111e+01,-9.350439841690679543e+00
5.099083224999494846e+00,1.945183870984677554e+01,-1.043863557769592454e+01
3.444017197509778416e+00,1.564850444830507925e+01,-8.722173952630376093e+00
7.831195497224414659e+00,7.990400006649858611e+00,-7.839313107113762058e+00
1.777368521974549864e+01,3.441716891778081600e-01,7.630704014294454218e+00
1.946143611611686808e+01,6.401933144944074172e-01,7.781755343523626856e+00
1.834169238993495554e+01,2.086271465672000947e+00,-2.381531973751707110e+00
1.621635105348735806e+01,4.718240698695014501e+00,-3.852153434548977629e+00
1.258224900348555408e+01,7.084087572894470775e+00,5.841926976585505304e-01
8.621420254807354411e+00,7.205551526610955548e+00,1.167069561041512937e+00
6.462139750118460313e+00,6.739912544560647589e+00,8.551558415013369441e-01
5.928480773048550923e+00,3.983997002162631862e+00,4.501809561671868964e-01
6.128040107659259661e+00,2.493335774867042332e-01,6.823108500876032823e-01
5.411900633138769123e+00,-8.732227236735404796e-01,1.269530495666266079e+00
3.797171235518848498e+00,-4.616575821501185395e-01,7.638439265334049377e-01
1.715031217049998613e+00,-2.656192366258425808e-01,-5.569443526530928890e-02
8.784466863614379117e-03,-7.902040690891156682e-01,-7.493495526650397753e-01
-7.220619118329124619e-02,-1.100724867349822222e+00,-2.069512615415892154e-01
1.845140885335059266e+00,1.842089149820647642e-01,9.007951529215412201e-01
3.237859913430020775e+00,1.625000079550005472e+00,1.704985453168046616e+00
4.689008753149634501e+00,3.434768899605742387e+00,1.675164543109346260e+00
8.991443094554350424e+00,6.372277449302921504e+00,2.901380160933674457e+00
1.421469901127560931e+01,1.020505253341365304e+01,4.256722721776861285e+00
1.699989618705387784e+01,1.454906282734434342e+01,-1.985950390185066694e-01
1.515523774728939799e+01,1.879449052080500238e+01,3.728955685434968359e+00
1.331540100334694898e+01,1.499533340390094160e+01,3.912908107661298818e+00
1.430229417593546515e+01,6.540118282087465928e+00,1.502112604309035593e+00
1.561111243271013826e+01,3.210663269940349451e+00,4.053680049846112965e+00
1.572738070914378028e+01,4.055433268395241875e+00,6.271871873336714920e+00
1.459648855822587166e+01,4.903712943610286423e+00,5.707393195877393133e+00
1.179030075961590995e+01,3.707186533905945769e+00,4.707558530759433424e+00
8.325757989931895864e+00,2.951262700000000017e+00,4.015866735443217372e+00
5.315272348540358571e+00,3.338508234341015957e+00,2.820679108336662466e+00
2.825705461898286419e+00,3.406431743591662009e+00,1.180162887735171973e+00
1.297172854329571079e+00,2.551186478517871059e+00,3.955714343095851904e-01
-1.432558237341441942e-01,7.353642662747738035e-01,9.571720350529770993e-01
-1.681386225103230991e+00,-1.660470304129419761e+00,-9.023626611491952776e-02
-2.703162527717874131e+00,-3.570458975563967741e+00,-1.959292959233470910e+00
-2.352138822513455185e+00,-4.278676251087699001e+00,-1.872838384896295505e+00
7.454956136372556941e-01,-1.377727571394772976e+00,-6.385217042433064538e-01
3.629564331417585166e+00,1.843171152289571291e+00,1.575330075460563028e+00
5.246728277455911638e+00,1.745364211115931985e+00,6.467015341467298839e+00
1.390474237154380077e+01,5.474799978940398937e+00,1.264359673648166549e+01
1.332227207001269775e+01,1.291148969882426911e+01,-2.161890729212858187e+00
9.503543558894405052e+00,1.808807041463619214e+01,-9.780008325402784308e+00
2.536917696509461084e+00,1.883252615338347979e+01,-9.676751916223835792e+00
6.280133771182535796e+00,8.787496366776823109e+00,-9.152359178353615121e+00
1.662999759734464433e+01,8.896038025560458751e-01,6.652056550061107743e+00
1.714907525865325510e+01,1.819788699188008785e+00,7.728734422749035105e+00
1.114798047577734685e+01,1.816523732057005569e+00,1.810090771821795341e+00
1.256216543192539703e+01,2.223930553495035156e-01,1.533857237598700296e-01
1.280231550305514432e+01,4.842069141148989786e+00,-7.007986853927025805e+00
1.177437728012478502e+01,9.680412290229879702e+00,-5.609096729743138887e+00
1.173183064777266083e+01,8.252571441348875325e+00,4.420626696171623848e+00
6.776039366158181032e+00,9.852395178165343381e+00,6.809308341202526371e+00
3.251275038910566018e+00,1.108342190334070665e+01,6.590997910215263822e-01
5.349496377276838466e+00,7.231338092764840297e+00,-2.216749751920555900e-01
8.605130692906353573e+00,1.983771041202348151e+00,2.171452913906510018e-01
7.678995543838591509e+00,-1.182964597554276187e+00,-2.170194726908300231e-01
4.283165807696424743e+00,-3.382726222363039437e+00,1.164388067297804863e+00
1.649354833282538957e+00,-4.930513926535927460e+00,1.239079738324075475e+00
9.438331576083804908e-01,-4.901174908459388746e+00,4.059249191086135022e-01
1.775020298847426181e+00,-2.891844577391449622e+00,3.408101770570333144e-01
2.576419688836911970e+00,-4.526632458967607131e-01,2.328410793530728273e-01
5.241293508667529188e+00,2.253175075986766807e+00,2.320353839096013893e+00
1.349372280993764051e+01,4.499319992058312678e+00,1.124926704897594476e+01
1.603008154614204983e+01,9.513673814026899933e+00,-4.156579648455281273e+00
1.931379464107747879e+01,1.688773453600681762e+01,-5.133807977988077198e+00
1.484167998533789046e+01,1.940481664054562572e+01,2.481351965484577704e+00
9.609903798981294543e+00,1.449227157732945592e+01,4.011558257733211619e+00
1.268134690305057610e+01,4.131201331816326316e+00,3.199474994609466716e+00
1.612861735657181583e+01,-4.876411141746875844e-01,6.850449453340137218e+00
1.475117889710513808e+01,3.782821712989253293e-01,6.928508010654323535e+00
1.133566690395779375e+01,1.305580172635566694e+00,3.951578718789463984e+00
8.365534279818033880e+00,2.238017537537813517e+00,2.399974522705576430e+00
7.059690115753594064e+00,2.951262700000000017e+00,1.164784124808713850e+00
5.542980281569596102e+00,2.743205837561445204e+00,-6.228907892939483659e-01
3.649095629783909445e+00,1.546546571658036884e+00,-1.285596155137896490e+00
1.779354384400936073e+00,-3.981107698698822528e-01,-1.449977963688904969e+00
-2.804212002955349115e-01,-2.462696221430859644e+00,-1.882259617959314069e+00
-2.856488898991751846e+00,-4.235681820014137067e+00,-2.718323261500823929e+00
-3.437006396402636277e+00,-2.831417721397649245e+00,-2.281379808973460488e+00
-8.705314281433252921e-01,3.357783303571575395e-01,5.093625288378520466e-01
1.104683703710643394e+00,6.103032411348466191e+00,1.224312347579031623e+00
7.756824595800932087e+00,1.020547120795369267e+01,1.257433116643478144e+01
1.036474544777595064e+01,1.097742634760289171e+01,5.294601940535987872e+00
8.081548490150289865e+00,1.385760929278408682e+01,-1.147600264435538264e+01
4.331397433638280781e+00,1.749561614580770907e+01,-1.849717901474420856e+01
5.144736908652622454e+00,1.377413786723478850e+01,-1.749581632156110089e+01
1.219616940068867805e+01,4.257699877584249393e+00,-1.732005831721980194e+00
1.914692229994195571e+01,-1.165667448736508849e+00,1.396486554039182870e+01
1.609158462575898696e+01,3.694963984063096785e+00,3.892204118195284668e+00
9.881545707786282051e+00,2.383779575425581942e+00,1.681812635405685707e+00
1.193962162913741487e+01,5.591254143813155775e-01,-1.651778961125917711e+00
1.288994434995717775e+01,3.766467050590571297e+00,-5.833499601187360994e+00
1.207334890012342754e+01,8.744275852377548119e+00,-6.272132555557368150e+00
8.298402842007728708e+00,1.082994421960547449e+01,-2.845303537372390057e-01
6.065993345666220726e+00,1.076357429132940879e+01,7.166162004324356793e+00
6.490861112865258242e+00,7.193491434339867929e+00,4.744071334365942860e+00
8.285215019449633900e+00,1.302886979798547173e+00,-4.854023510584684620e-01
6.930614612503665839e+00,-2.436331325877947762e+00,-1.344110452455704818e+00
3.750200630775613497e+00,-4.090201586431225778e+00,-9.085299490279363788e-03
1.252208079706391697e+00,-2.957325417064602391e+00,5.625871367178220117e-01
8.309751150884641113e-01,-8.331777189749235424e-01,2.631626132491754477e-01
1.855679279895067424e+00,2.369456095729932377e-01,-5.420803478943927445e-01
3.068208273375118811e+00,7.679972992522958730e-01,-6.127314557735986655e-01
7.229261817785113564e+00,2.133800517407138386e+00,1.487112168056994532e+00
1.245339439601558595e+01,4.869419141025571385e+00,2.823049692069982797e+00
1.263765525025241132e+01,9.530092274223706639e+00,-4.005111611239194680e+00
1.356857786047142511e+01,1.581102860729470905e+01,-3.732581036833558130e+00
9.065642391626777652e+00,1.889717948610546472e+01,-1.024927787873435081e+00
6.387286592086468318e+00,1.407146447503519227e+01,3.693701974352701090e+00
8.111784686542353739e+00,6.816737155084848787e+00,5.826950668769028674e+00
1.257615583690101246e+01,4.465759684319623446e+00,5.388666013223637918e+00
1.362835613445018801e+01,4.017500200605407912e+00,5.165911880393764477e+00
1.280914415139557150e+01,2.336974497155864583e+00,4.170953104827336055e+00
1.372739830347839352e+01,1.518502872740047360e+00,4.177176954739745263e+00
1.277198731522970832e+01,3.252886921638937334e+00,3.942641860972129209e+00
1.020499738024832759e+01,3.028697656094880397e+00,1.661873802858383709e+00
8.297512961778526375e+00,1.431506254094873754e+00,3.766429809344818413e-01
6.856012751426952434e+00,-1.503483544075125966e-01,-2.578977039588279396e-01
4.216953092141035420e+00,-8.463050313046837081e-01,-1.209471894317018847e+00
2.167295923138043978e+00,-1.149010700000000051e+00,-2.887221359123126163e+00
2.069698442309080288e+00,-2.305067885614071055e-01,-4.522000970479530757e+00
1.662652537204648784e+00,2.119208461413674360e+00,-3.892216581590481006e+00
9.214634556417488076e-01,4.536550939135611138e+00,-2.229068861295308679e+00
1.987533083720028904e-01,7.631113998865380665e+00,4.071457411616941080e-02
2.482662959315659723e+00,9.792250435784588092e+00,8.148727181187323865e+00
2.931480793376606275e+00,1.049881071515918762e+01,9.461306639929329521e+00
2.310928399574531333e+00,9.782480698170202160e+00,-6.374693047789658173e+00
1.816560115467206860e+00,1.242916388156937124e+01,-1.239511973851306159e+01
4.595611498305842701e+00,1.099447922823698320e+01,-8.529655378802441845e+00
1.517399089161455805e+01,6.491463101172731953e+00,8.564208322615312952e+00
1.954395900000000097e+01,3.821892074938293860e+00,8.727252808248147531e+00
1.917738192121894514e+01,1.261263020311347072e+00,5.939717624201953150e+00
1.631005204497676431e+01,7.395759584718244461e-01,2.054065523099926960e+00
1.401692439689371028e+01,9.057782117514966425e-01,-2.695490302410807892e-01
1.182305189280849866e+01,1.865190612017391780e+00,-2.315277518083636910e+00
9.757361430488257881e+00,5.572443786922379516e+00,-4.445755000000000123e+00
8.142528725271576562e+00,9.250414639167303221e+00,-2.441172101314672993e+00
9.044196958507157547e+00,1.015199583251500215e+01,3.953373074830826450e+00
9.206419614590801714e+00,6.799213649738464760e+00,4.956140721150868345e+00
7.498919728215446057e+00,2.864261099961039392e+00,8.843868309438196462e-01
6.713478126555292747e+00,1.409097492795175155e+00,-4.536427268916691791e-01
5.281832598567836712e+00,1.533565037484885263e-02,7.065865783909669462e-01
3.198077882822880191e+00,-1.941582459724103593e+00,1.043526660362857239e+00
1.690805780752282717e+00,-3.174286032604991981e+00,2.856844845295247182e-01
1.542932410767542617e+00,-2.719768574639173764e+00,-1.171595957425258350e+00
2.624974764397089544e+00,-1.259353167101252557e+00,-1.559559586778686224e+00
3.576948171580074387e+00,-5.643249278800561985e-02,-1.403583491804580419e+00
5.730337046308688009e+00,5.431969302954786638e-01,3.120525260043444105e-03
1.082906708728363299e+01,2.592552265178692306e+00,3.897697624939524097e+00
1.383404763792257341e+01,7.387432452308518194e+00,-1.260689873763679580e+00
1.816082847573623837e+01,1.276679998982698905e+01,-6.400486794607421537e+00
1.707170607398715845e+01,1.801310199777346099e+01,-1.143492124364416274e+00
9.686696105167795778e+00,1.591469449920168699e+01,3.724781132977691644e+00
1.145606364106570041e+01,1.072664883851161477e+01,5.565343697524030020e+00
1.552176998544867814e+01,7.470781791820214401e+00,6.029729502960099907e+00
1.732348091470044338e+01,6.310618196504721666e+00,8.872450146330445264e+00
1.571478655766266819e+01,5.122062320645997424e+00,6.737578519421985490e+00
1.346252059420988800e+01,4.510900070538944817e+00,4.333426611361706371e+00
1.177259078236113687e+01,4.791734617452245715e+00,3.020674534007311340e+00
9.599375891842020891e+00,4.575970384685101422e+00,4.203715928427325110e-01
6.582257671991595949e+00,3.392765156139369243e+00,-1.714806783934030188e+00
3.805501837902239615e+00,2.037171388198875555e+00,-1.872190395137957930e+00
1.619627764414659055e+00,1.040035516008163574e+00,-1.183737251084545417e+00
-8.774743142626125758e-01,-2.011103332269646715e-01,-4.961775602708460298e-01
-4.030949952724863117e+00,-2.351470813831167739e+00,-5.780359784026554149e-01
-6.451726159803872207e+00,-2.533459859206312892e+00,-2.980287403175976291e+00
-6.000517243581091620e+00,2.129111172732619517e-01,-3.867258462994973112e+00
-7.525834953452037457e-01,1.697401392930212305e+00,1.129655929469895126e+00
5.966514746844353567e+00,3.731266344020329750e+00,7.020670643423306601e+00
1.196300138467320728e+01,6.712702008192103165e+00,1.302483999071846554e+01
1.034500967305445585e+01,8.642562501292280430e+00,3.134551696708439028e+00
8.024411140224874117e+00,9.867226847454336536e+00,-8.953286784887348304e+00
6.994708109973227117e+00,1.344342576972684178e+01,-1.266619134217192233e+01
3.967329357234071541e+00,1.395150527329849588e+01,-1.097966323361369056e+01
4.234332828709911567e+00,9.026443581864311838e+00,-7.665386313732442503e+00
1.435326129997730149e+01,6.568667090995591984e+00,1.013397453489218769e+01
1.949977861861429673e+01,7.299853920305389821e+00,1.556870968091430107e+01
1.948051156064519773e+01,6.845478495742016278e+00,2.989761699863938915e+00
1.946465447940693139e+01,6.908906809022338891e+00,-5.182428673669091879e+00
1.954395900000000097e+01,4.383605220268421476e+00,-3.650212346366049410e+00
1.661859453943757359e+01,2.311317840365984644e+00,4.007138577824470360e+00
1.141539851529621075e+01,3.048305124028685587e+00,5.918647832421975785e+00
7.051385916398400511e+00,4.393054250449678122e+00,4.196968088959255105e+00
3.483350686145769259e+00,4.815866011981713157e+00,2.155563496352534969e+00
1.429531043029633963e+00,2.952430908699898549e+00,1.024137075344272008e+00
1.155746577906528794e+00,3.897146124003464385e-01,1.247505842359189820e+00
5.909325011754323898e-01,-1.369204054450782637e+00,1.423053371528716360e+00
-6.530583713816238145e-01,-2.809738239002780524e+00,9.910802738300377168e-01
-1.296014778690439684e+00,-3.852243376852099832e+00,-7.327385627787533218e-02
-5.517536156509077472e-01,-3.803690879401094183e+00,-1.069603540328085023e+00
1.882896387642542191e+00,-1.835705494965761186e+00,-9.662701619853857338e-01
3.535676060806396848e+00,8.940954538206482560e-01,-8.252667311759109836e-02
9.459501782332832676e+00,3.918751631771019373e+00,5.176916545500692024e+00
1.372658214322918013e+01,8.743838790244931047e+00,2.785343672727815800e+00
1.597828542392256779e+01,1.616931736682176535e+01,-7.069426909841872053e+00
1.506310354557407294e+01,1.950859131121283951e+01,-3.678820504456977947e+00
1.195750455657256417e+01,1.939358675625761208e+01,9.232187598148323460e+00
1.247556521129614815e+01,1.479244141047045424e+01,6.263202364165803893e+00
1.409768865549039063e+01,7.301564650226405995e+00,1.666724201515368264e+00
1.600544830860399159e+01,2.321984082383683035e+00,5.639026019130033873e+00
1.664903316781704490e+01,5.614695059392555976e-01,8.165691432939468086e+00
1.607153680133067652e+01,8.416963213591849291e-02,6.330711900221975164e+00
1.281238929891645029e+01,4.038696566777075780e-01,3.379234191991835168e+00
9.297770652064556884e+00,6.916424536434551129e-01,1.930753978724398134e+00
6.337065981306476026e+00,7.056229862193753588e-01,9.733626242069718382e-01
3.548217496146307770e+00,6.920975262023176811e-01,5.096974679390641194e-01
1.327113634819442556e+00,4.701608528568848588e-01,-2.295725005201616487e-01
-8.373531562548073293e-01,-9.092711798612359564e-01,-7.216006821879528133e-01
-3.758960650580296381e+00,-3.648878486264634180e+00,-1.370372394379105740e+00
-5.230129822216836644e+00,-4.367917000000000272e+00,-2.453106726848417019e+00
-4.095523693405764831e+00,-1.939976969197921175e+00,-2.178450647741936752e+00
-2.450058317259313334e+00,9.475066176439482790e-01,-1.680655303751418472e+00
-6.210860469625292257e-01,4.174307037091377737e+00,-1.298350301390910122e+00
4.597681254810613183e+00,5.613003433668872333e+00,6.293659587171847036e+00
1.164074907896190680e+01,9.626435011852922941e+00,1.579681179486086684e+01
8.929232000000000724e+00,1.311865072817797895e+01,-6.016676962237769821e+00
8.285479794033054901e+00,1.835093347151829590e+01,-1.412305504602326600e+01
1.190091062761739593e+01,1.802471345772545774e+01,-1.656966455166854502e+01
1.881643052308132269e+01,4.933602788173804043e+00,-3.970551910357349001e+00
1.927397825896742489e+01,-5.424304996447075311e+00,1.582091709066543572e+01
1.562806084452154565e+01,-1.851717018779527768e+00,7.415757394843028649e+00
1.197178801104104906e+01,1.030273986437036049e+00,2.396101079494059150e+00
1.486645309246205571e+01,3.133155369848226179e+00,-5.934271020296432830e+00
1.523802583388487797e+01,8.319137762570367300e+00,-6.721085168736887994e+00
1.180620635265462148e+01,7.307893871828101240e+00,-5.301438311476964760e-01
1.043547150615242636e+01,5.002844670768284097e+00,5.396380708203885490e+00
8.011459726097895029e+00,7.693927666683541666e+00,5.426577145725394402e+00
5.425755698287148654e+00,9.126689529104584864e+00,1.184257095746457322e+00
4.061038268531698137e+00,3.929739079833411530e+00,2.347528039465972549e-01
2.869055280958971110e+00,-7.647262408573287651e-01,-2.010912223359791751e-01
4.319943163812143827e-01,-3.198585631506147831e+00,-7.790446528521502989e-01
-2.003317336338856336e+00,-6.117102496419469126e+00,-7.521346461535382000e-01
-2.291188862518742653e+00,-7.622666429444047154e+00,1.465145746047105957e-01
6.109626809740186237e-01,-4.213158590041374829e+00,7.045196213438867927e-01
2.414725432102248881e+00,2.372853828179834756e-01,2.154222163487276853e-01
5.908925791758154134e+00,2.623972049253743499e+00,2.638122909430836494e+00
1.348607744163459188e+01,4.478579854014077100e+00,4.388064753654133732e+00
1.683640856761725502e+01,1.017664708357896863e+01,-5.772349694037431256e+00
1.936922149849225860e+01,1.787090750115989479e+01,-4.395672722642278707e+00
1.585689296616936339e+01,1.919655546139498981e+01,5.577430571885129140e+00
1.348831686270442809e+01,1.446695164043969584e+01,8.287786266239818289e+00
1.327217617495695734e+01,6.329322289612626662e+00,6.020059979795792771e+00
1.305602557692390775e+01,3.583490592232468686e+00,8.528763875187854282e+00
1.297795409789813803e+01,3.730213603509326514e+00,7.365888520850668364e+00
1.298476247025710606e+01,3.911839549699630325e+00,4.694817624355681396e+00
1.157248223325915859e+01,4.084124724152924379e+00,2.949498110073631718e+00
8.864716050776550560e+00,3.677785362142085290e+00,1.869612229022754146e+00
6.164716560103122411e+00,2.506701064688811265e+00,6.270402606460416806e-01
3.537164233201563146e+00,1.022284676312832152e+00,-4.376816643600337509e-01
1.016851069123516638e+00,-1.224822521195350955e+00,-1.155855869161195038e-01
-1.843969484497007150e+00,-5.145552052334681825e+00,-1.069637092815027835e+00
-3.224632668435654548e+00,-7.636967972772704449e+00,-3.237848127360228645e+00
8.138867899658042138e-02,-6.276610212840894043e+00,-3.606613334712829744e+00
2.415819724221878406e+00,-3.960953268425426721e+00,-3.054087660760651968e+00
2.644700299999999782e+00,9.730761286509391761e-01,-4.247909049653770808e+00
2.003031554270707115e+00,9.059662188041784248e+00,3.100988850252264672e+00
3.420117661578460311e+00,1.360357147599215111e+01,1.584151683912743103e+01
5.633894861439369350e+00,1.211210753357375047e+01,6.661510733243445337e-01
4.622513207015440884e+00,1.755705749285717232e+01,-1.001886084414519651e+01
3.376746214017586123e+00,1.951227962585697284e+01,-1.286702499045407322e+01
8.775741283091079481e+00,1.671436791928073262e+01,-7.767622103281098589e+00
1.802768019442033420e+01,3.995327739826341151e+00,8.891723466214887850e+00
1.954395900000000097e+01,-3.841143157782176409e+00,5.998585185060947289e+00
1.655743025158656323e+01,-1.726062285981759814e+00,9.462034769220589725e-01
1.369825003066330638e+01,2.402921860235947005e+00,-2.048875287095711428e+00
1.338187424630585198e+01,6.222537336055439461e+00,-2.042687280370358849e+00
1.130047635099524506e+01,1.061609146853391294e+01,-7.474618109265098731e-01
8.172573281489803776e+00,1.451729839922190557e+01,2.125487880152595821e+00
6.766286119106433183e+00,1.220176118908911889e+01,5.837856740898068608e+00
9.612929258965085211e+00,4.086808363877017847e+00,4.404253308088051710e+00
9.853090807678853480e+00,-1.933782062176377270e+00,5.865028481515641712e-01
6.248066139399139018e+00,-6.262138690831100085e+00,-8.258626909461284082e-01
2.693468040950153242e+00,-9.727887548677712104e+00,-9.579097162965166667e-01
1.109157547780823094e+00,-1.140483736449657215e+01,-9.103648854143976399e-01
1.053963975838646761e+00,-9.124561546665752587e+00,-1.149518523312535345e+00
8.399235423165645198e-01,-3.721293316770298176e+00,-1.388686857026299570e+00
1.276879808754234624e-01,2.472778037902335635e-01,-1.229880773856269371e+00
3.028211244620780729e+00,2.804908464672247526e+00,1.358536599077910134e+00
9.643770912691316255e+00,5.445956564000532296e+00,3.441343227655175863e+00
1.557250396364296918e+01,1.298961167298410579e+01,-5.063204596003979319e+00
1.774519049739548038e+01,1.928318214790898111e+01,-4.986229443556717378e+00
1.394145198042275346e+01,1.893990363846982561e+01,3.958301403651105943e+00
1.409814900160860951e+01,1.342815461873369820e+01,8.762035912363042911e+00
1.314418421542583992e+01,6.506004116324666242e+00,2.749040437055861652e+00
1.471013324857127103e+01,3.047964141813906291e+00,5.385645172034966954e+00
1.460462138542395039e+01,2.061928085785685649e+00,7.176568041874031856e+00
1.432906949767653337e+01,2.864390774488959401e+00,5.129154299181283960e+00
1.343665550145698617e+01,4.345166898543014078e+00,3.344043553414794090e+00
1.028460186561933654e+01,4.574836107098795068e+00,3.127546902113090610e+00
7.678714589078239783e+00,3.420475511607893093e+00,2.992219610815191277e+00
5.947237624869058159e+00,2.321048813687833778e+00,1.599273847039956342e+00
4.058151961861112156e+00,1.419839325282503228e+00,2.077893773925775789e-01
1.599073437211035786e+00,-2.378618685577967296e-01,-1.798334889324204322e-01
-1.509554207227152389e+00,-3.429716431956223666e+00,-5.657948437130149583e-02
-4.107550002184256144e+00,-5.886388576514897331e+00,-1.223909847568188214e+00
-4.289412606996052091e+00,-5.672597105935537343e+00,-9.594641341807003121e-01
-2.213787749343870459e+00,-3.964445338032911437e+00,2.434899342595402971e-01
-1.633044403709357495e-01,8.277481002804389087e-02,-8.407176501996350693e-01
2.029597135483873327e+00,2.483507778548394995e+00,-1.947270841193556423e+00
7.459613908476926625e+00,5.261028884731780764e+00,6.518551695155860415e+00
1.108942670871617331e+01,8.678867922182400108e+00,3.111641050344390536e+00
1.537476459277496588e+01,1.454663066554081219e+01,-7.609312912098606496e+00
1.269821280900686844e+01,1.950563800000000114e+01,-1.167494931218338294e+01
1.337429718969167425e+01,1.604581505616447146e+01,-5.734816120387748128e+00
1.757952910585805384e+01,6.134207944645822863e+00,8.728431707545732721e+00
1.735836795572982183e+01,4.218714250789360243e+00,6.158544664857124928e+00
1.479704409513168883e+01,4.364000105589958878e+00,1.526053017277882340e+00
1.445547141239283917e+01,2.740897454763351337e+00,6.695325124005929718e-01
1.654652889539879368e+01,3.013877649120836555e+00,-3.621980647972399048e+00
1.752871713459353131e+01,7.430914643808194775e+00,-5.319593737725412552e+00
1.423220925210798704e+01,9.847232653229532673e+00,-6.391373927732403315e-01
1.107002310462726591e+01,7.591172244642704570e+00,5.632106620507271622e+00
8.523948901311937831e+00,4.515725093375665189e+00,5.798673736587725003e+00
5.796373011461541047e+00,1.289387243385094806e+00,1.541387386980579421e+00
1.290850926134341270e+00,-9.373309346015805676e-01,-1.221578841390068781e+00
-2.156433084764052488e+00,-2.744850803087671487e+00,-1.661985157617973607e+00
-3.512014934316876058e+00,-3.659804294741508812e+00,-3.554385247729113795e-02
-2.516596855908277863e+00,-4.174712286181236465e+00,1.150794400402582962e+00
5.379711484219779072e-01,-3.441900338076401944e+00,8.210302572720399317e-01
2.948651650974021265e+00,-2.309041679186123019e+00,1.050626781108538743e-01
4.335652287164663221e+00,-1.293946288827742208e+00,-2.110077562829288378e-01
6.904308844227907471e+00,3.645283593402245392e-01,1.137747087953359770e+00
1.215585799278492907e+01,3.428420916226968984e+00,2.782075814740890607e+00
1.196615213428619739e+01,9.547555840809009098e+00,-5.594754157922460003e+00
1.484792507616913682e+01,1.531243359770301637e+01,-6.284861260308259645e+00
1.445386323435747933e+01,1.913730237767517295e+01,-1.140976745650060353e+00
1.588151470001270482e+01,1.946831860988588403e+01,3.180284510381472085e+00
1.687757249084936007e+01,1.502198790735988787e+01,2.223162584980606482e+00
1.424850340161735929e+01,9.473998115540183562e+00,5.161905443456676679e+00
1.314446599999999954e+01,6.493541601378035821e+00,6.119717267810484529e+00
1.520684010135966524e+01,4.131147089988866483e+00,5.866685631840435455e+00
1.525611973590988235e+01,4.294088434996004899e+00,6.315073348309185874e+00
1.226620806425538213e+01,3.184689103360657025e+00,5.033125304393771593e+00
8.256581282028223612e+00,2.126240161883926838e+00,1.599615166797681898e+00
5.934298261823377274e+00,1.809295755459353616e+00,-1.133229879775900839e+00
3.576329968849555119e+00,1.175339425115824010e+00,-2.558817080277013378e+00
8.456741035367102421e-01,-4.310684665587413145e-01,-1.910979000212453593e+00
-1.899413216392623838e+00,-2.738620268795060486e+00,-8.903671753497375274e-01
-4.404141097149300244e+00,-4.446449457154777463e+00,-8.770320963904523204e-01
-6.149720678513565630e+00,-3.543456975739712078e+00,-6.500526181299105533e-01
-7.023204956791824216e+00,-6.536989976558055249e-01,2.631129220114291289e+00
-5.226305453303043080e+00,3.706944277253142683e+00,5.114896859442721322e+00
-5.890007315941534483e-01,4.213169625950339281e+00,5.601860689272212923e+00
4.073015251936812575e+00,2.920854589680866642e+00,6.400672240840179938e+00
1.082165232142113354e+01,4.043344442933355154e+00,4.372796305986049070e+00
1.606796800903023836e+01,7.768875501256803595e+00,-1.307272374612061228e+01
1.934260283510668899e+01,1.424473545512119266e+01,-1.282762728107669048e+01
1.541450149700377459e+01,1.796797104435293591e+01,-6.499012182496535672e+00
1.696998746860544216e+01,3.821978788791060566e+00,3.902042395768928085e+00
1.632015189880320349e+01,5.208591629528767086e-01,1.147903428712231921e+01
1.002927444498585352e+01,6.040572744767174207e+00,3.701128409931568441e+00
1.247378211223444744e+01,4.766478484002774074e+00,3.390733217179439318e+00
1.673517241231618513e+01,6.170352910675729774e+00,-5.567632790113904662e+00
1.589597081650198263e+01,1.005320547881530757e+01,-8.271215741981457370e+00
1.512119649505127938e+01,8.646534796878292184e+00,-1.422373864165243251e+00
1.470483620715365802e+01,4.952737071748974707e+00,5.992302166563429289e+00
1.326231049554407804e+01,3.028081356204428864e+00,5.931022314077301516e+00
1.143997266645090960e+01,1.945225726317279413e+00,4.304556735855092242e+00
7.632290529484518693e+00,9.639278009697720417e-01,1.521053900449756302e+00
2.563193380015550193e+00,-5.510487104913086576e-01,-1.035920697350330544e+00
-1.568683753838593375e+00,-1.763668153191662702e+00,-1.566816177938131549e+00
-2.878055378358819638e+00,-3.039747098407375780e+00,-7.392215327077210629e-01
-2.456394161511549434e+00,-3.812615836532986080e+00,3.840854964539423821e-02
-2.512554949298979046e-01,-2.631306438919768897e+00,8.504527949026905453e-01
1.007002965712172182e+00,-7.355791517307807004e-01,1.796704476797412742e+00
1.999051595194743847e+00,1.153072594483260938e+00,2.198387272775679246e+00
5.588364934226166980e+00,2.901586698116067176e+00,3.515744090006464262e+00
1.256698113835479624e+01,5.264829410611377547e+00,5.759187350005118056e+00
1.572848885697697163e+01,9.633440773058447704e+00,-4.625031612366465872e+00
1.779245165155129982e+01,1.144648191216449185e+01,-9.886128805658247476e-01
1.650875642143147815e+01,1.003774416415105719e+01,5.769092203406353647e+00
1.570582373270266174e+01,7.127422229191163972e+00,6.075719619776111635e+00
1.564309890646139323e+01,4.242414865462434292e+00,5.664838518593787953e+00
1.729975415576845421e+01,2.328311289933491679e+00,8.589068218526257681e+00
1.675588413243847441e+01,2.429284340721222790e+00,7.793296623394320832e+00
1.548485920153533968e+01,3.092393233663933483e+00,5.103432023885574154e+00
1.270685406585790922e+01,3.811334478428254791e+00,4.784876690677344335e+00
9.310919785036094964e+00,3.738100746498322913e+00,4.155483470549948599e+00
6.461305433328107029e+00,3.205138131611329655e+00,2.316191153620404286e+00
4.661867015131847758e+00,2.187167995695920020e+00,7.804738811857296898e-01
2.823288557460033044e+00,1.019775086447844537e+00,1.373003839202896481e-01
3.476797265581504925e-01,-2.064936098044937163e-01,7.274872000000000005e-01
-1.426015095722734660e+00,-2.230741695722734619e+00,4.971318058969358411e-01
-3.600616181977759123e+00,-3.692929730781203901e+00,-1.175431325930560295e-01
-5.388328489944531619e+00,-3.423085949110535431e+00,-1.856938749936442257e+00
-4.321159472321201456e+00,-8.154565419031748474e-01,-2.671106697376049333e+00
-6.129872412697930928e-01,2.790301971272406867e+00,-9.934712876496007983e-01
4.683497433358110307e+00,4.532230327154483263e+00,4.263383121809981802e+00
1.498749205526568851e+01,9.812806175993729951e+00,9.184465175242511492e+00
1.725604513174443611e+01,1.084833037450965421e+01,-5.349402299315363152e+00
1.534362484451845177e+01,1.514315680870615211e+01,-7.466937679723304910e+00
1.113300505316221312e+01,1.213409893915005000e+01,-1.190527771360507003e+01
1.274112727939724365e+01,1.341526315973218253e+00,-9.343311768980690601e+00
1.940761192232505650e+01,-7.167791561545487689e+00,1.900993925876736412e+01
1.566496403684960015e+01,2.349201335652140177e+00,7.826616146582997757e+00
1.108296302621848639e+01,5.796176671229343214e+00,-1.371567671389209986e+00
1.352325464338920646e+01,6.859826620781649176e+00,-7.760565281524023362e+00
1.300562761602763295e+01,1.013112387194050434e+01,-8.681023388437223431e+00
1.368503718492670806e+01,7.057834427767663676e+00,2.103091532593023949e+00
1.441889485294691653e+01,3.748488832333736642e+00,1.032849139263909066e+01
7.480065860134271105e+00,6.498188264835746963e+00,2.576318791958792875e+00
5.613287419714540150e+00,4.843440120211555566e+00,-1.070551030295134654e+00
4.555651399743672947e+00,-4.147956929934606962e-01,-1.308345949915703521e+00
2.594105155848640987e+00,-4.121835502696729492e+00,-6.389922678994530703e-01
3.601910489715496877e-01,-6.920312607238674474e+00,3.180655064742081706e-01
-1.003870119999400234e+00,-8.680157900946682048e+00,1.026703414751632293e+00
1.396583440045055802e-01,-5.430051257681419941e+00,1.629583924042391940e+00
6.604042411217969644e-01,-1.361807557418632797e+00,4.843255174440576072e-01
5.743127734839802434e-01,1.310131364168799717e+00,2.458456614817242786e-02
3.753678837327381057e+00,3.229194843994256381e+00,2.476197515068777388e+00
1.261199407898003599e+01,4.213780612674022485e+00,7.547867596627694908e+00
1.471955180395998219e+01,8.278589758106251750e+00,-4.967245654888934325e+00
1.917769959962446080e+01,1.375229871908227253e+01,-2.807274488507375043e+00
1.891056825648679407e+01,1.867683096598694448e+01,7.673554723348290807e+00
1.363663385508433379e+01,1.042241884473107838e+01,9.496928859194552430e+00
1.171824028190533085e+01,3.129864554955089417e+00,4.881233488655603026e+00
1.159818946272184270e+01,1.059068209598097887e+00,6.029498572884224750e+00
1.360214896552737507e+01,4.634579238669048751e-01,6.740333592786866390e+00
1.490719999999999956e+01,1.905736121150310325e+00,2.911228203200021625e+00
1.457239795959898565e+01,4.038351302109263408e+00,2.730987733797429762e+00
1.197782239869348331e+01,4.089448152099560474e+00,3.865079823773658774e+00
8.948170913604087673e+00,2.410170314704490835e+00,3.411298083080448684e+00
6.686631230866819209e+00,1.121223634481338882e+00,2.725371368050173437e+00
4.409114608180118466e+00,2.560544769070556836e-01,1.443636447428472858e+00
1.615768011361477630e+00,-1.731507733571881147e+00,-3.999728489472134108e-01
-1.096801348870218407e+00,-4.259080349195530246e+00,-2.519263980127839364e+00
-2.099126506655299096e+00,-5.241392298074131872e+00,-3.253221734069163151e+00
5.042096652477310315e-01,-3.528772632990493818e+00,-1.844648490957440767e+00
2.372729213819516403e+00,1.324587938694569811e+00,-1.078645715038691222e+00
1.649615023624063870e+00,5.400966379220371927e+00,4.790561986933626892e-01
2.173273017097357318e+00,7.214196117878502790e+00,5.731454609697516744e+00
6.520429531225961028e+00,7.539212207085704165e+00,4.237891211021555193e+00
6.155811613577176544e+00,6.738679052896262789e+00,-6.728070096724646731e+00
8.304069503774790917e+00,8.299969660954474193e+00,-1.248828997644790917e+01
8.478796408028996368e+00,1.247786961550091789e+01,-1.305336966509143437e+01
1.390766219396921954e+01,9.678974372579711272e+00,3.433072568806605496e-02
1.954395900000000097e+01,3.400416187912355781e+00,1.254904420565055467e+01
1.870076277169765078e+01,1.167770657219327379e+00,4.159026183250567499e+00
1.580659542167251530e+01,1.770097232890510686e+00,1.153424559800475979e+00
1.419048958843437092e+01,3.019271461094764408e+00,-7.327486041929232030e-04
1.255293697565990740e+01,3.190174546358421459e+00,-2.177825371297678281e+00
1.080556027900600036e+01,5.913857860591672733e+00,-5.238224932461569949e+00
8.601369589925845105e+00,1.049725782176679090e+01,-5.102232172765941876e+00
9.412274702938987048e+00,1.142927552525478063e+01,5.529517417520094291e+00
1.005294411211470340e+01,7.149284684809389390e+00,9.966168078791396212e+00
7.345609756750996588e+00,2.879874425287923145e+00,3.485133120875638646e+00
5.934044226790206267e+00,1.141523544592457640e+00,-4.357694028513530715e-01
3.358873437935656181e+00,-1.431940504650451640e+00,-2.367193534928732357e-01
-2.928516068513132842e-01,-3.901516873346954739e+00,2.370464850169514553e-02
-2.251693295895909497e+00,-5.246927978510210977e+00,-6.238242339959278182e-02
-5.816839039036327819e-01,-5.459722351085148695e+00,-3.075493238159731635e-01
3.634499941802676659e+00,-4.216719549834886394e+00,-1.378393707890959829e+00
5.351079520657743060e+00,-2.604917199764269053e+00,-1.632312251410177328e+00
8.794309205379123640e+00,-8.805683560700743318e-01,1.674345493950339492e+00
1.285012884175209713e+01,3.745424100895467401e+00,1.599160282100989594e+00
1.692229605282688354e+01,1.081002378009345577e+01,-7.058406282634316575e+00
1.868329379946185398e+01,1.828186690923817892e+01,-4.560062325566790697e+00
1.229666902189521238e+01,1.885122327120900820e+01,1.906203714730865695e+00
1.047340905515792464e+01,1.205669156118779739e+01,4.966505184266644335e+00
1.344778633660585676e+01,3.658099044837469282e+00,3.009798698102820858e+00
1.562007969742318814e+01,2.598472334915243653e+00,6.045493947004702662e+00
1.545583387410678178e+01,2.861536539496440934e+00,6.017520235767181980e+00
1.497960559877251896e+01,3.060385347574089643e+00,3.136115597470130467e+00
1.329372803448530860e+01,2.716395963603347674e+00,3.332342054722401858e+00
1.044602690355398700e+01,8.107322443889950492e-01,4.243021395739926760e+00
7.935105988843016434e+00,-5.950002483979153212e-01,2.944606214609665429e+00
6.186364319983564286e+00,-1.439997330852604396e+00,5.189285539324638430e-01
4.834144500455456850e+00,-2.126484064511943384e+00,-1.617497086269513273e+00
3.168022655914739527e+00,-3.185105811518038177e+00,-2.415997216573769979e+00
7.990588460198224663e-01,-3.761264528414221431e+00,-2.930381404439510451e+00
-2.472653595362291068e-01,-2.207122568745980562e+00,-3.641353178677333879e+00
-1.337001704301973293e+00,4.445721037082190907e-01,-2.555575094168293315e+00
-2.056671587305019866e+00,3.201392834633148166e+00,-2.785029768451347199e+00
-1.388282396070827929e+00,5.615772006921535997e+00,-6.729466129122373408e-01
3.517927106648445879e+00,7.585495951265702530e+00,8.212145153554807564e+00
6.006622229970101756e+00,9.859184088985466943e+00,5.669715767722244948e+00
6.866997930466316014e+00,1.102298587799072926e+01,-7.413787021377631348e+00
8.469476845751923832e+00,1.383427603405139550e+01,-1.125427788232550341e+01
1.149565685411311833e+01,1.266999499406966301e+01,-9.559253396517254586e+00
1.789007404613364827e+01,6.661693067318998907e+00,4.851998793247244812e+00
1.953728251218462475e+01,1.523950979118110505e+00,1.039742058353839660e+01
1.825689992133679240e+01,8.847216685020600213e-01,4.078486629144821407e+00
1.394181541539296099e+01,3.041751781641749197e+00,1.143488570554780592e+00
1.279215225116401911e+01,2.783119654571364343e+00,-2.269758804924766338e+00
1.223196959473191292e+01,4.217806725040792237e+00,-5.578770267810566175e+00
1.000221336510507619e+01,7.693848559703272194e+00,-5.836261387127192002e+00
8.922766122729061777e+00,8.595381405665794006e+00,-1.958718743513705451e-01
9.035274854513744458e+00,7.570762197992013220e+00,7.369779337319737778e+00
6.959481597927702268e+00,4.975059130253416839e+00,5.320432449713997869e+00
6.369518567491756045e+00,2.744584525269912589e+00,3.905618118651206228e-01
5.127357947903261604e+00,4.282062248878928945e-01,-1.217905748056963722e+00
2.161044311262603212e+00,-2.495176031609577016e+00,-3.225143321421524711e-01
-4.450946141984686300e-01,-4.336958937160102501e+00,1.342730937628681120e+00
-2.635629604847750662e-01,-3.673096919034896324e+00,2.118302947410202641e+00
1.941510250965434059e+00,-2.298025169688599156e+00,7.640228578018822825e-01
3.330930312802820037e+00,-1.892205935967289587e+00,-2.363074995360680552e-01
4.873756907310728081e+00,-1.227502832059942151e+00,-4.372073378818008837e-05
9.343476071635620883e+00,1.938486638106508286e-01,2.980569621271898395e+00
1.439912854706152778e+01,4.379398202294943587e+00,4.277437712152647009e+00
1.638764741971390748e+01,1.029685616314838015e+01,-5.463699728918360421e+00
1.894012536406688696e+01,1.684402500579856365e+01,-4.282952089915088578e+00
1.280993857087157828e+01,1.941232388585861912e+01,2.693465974327046375e+00
1.200191400652561668e+01,1.338786105801188775e+01,7.900127160851631913e+00
1.518082019677547301e+01,6.416284412823165972e+00,7.880843459482042235e+00
1.670718088157692449e+01,3.869586654053467800e+00,9.527409139351082246e+00
1.635661683876541161e+01,2.238803031140357724e+00,5.822934362146606979e+00
1.542822523327944140e+01,1.200399830303120252e+00,1.922982189512849160e+00
1.302934282741123262e+01,1.828998742643877851e+00,8.424481000000000330e-01
9.726912053926973556e+00,2.633837308561977064e+00,5.850689303787390827e-01
6.129785089790497743e+00,2.832130586115142901e+00,-1.254608738949972990e-01
2.871774516189912863e+00,2.074221700076493313e+00,-3.301606741726076377e-01
1.558163659806185986e-01,2.699749522132572355e-01,2.918530575429525431e-01
-2.631097923714949882e+00,-2.656500731295123874e+00,-1.215858092892068421e-01
-5.315069543857666723e+00,-4.888965949467367622e+00,-1.247443916455350132e+00
-5.389785990935252791e+00,-3.753796582252726832e+00,-7.021483859325009513e-01
-3.980394463298770447e+00,-1.210584292650176641e+00,3.552076049057794060e-01
-1.437898557176352732e+00,1.110261940266979719e-01,6.982338725381305178e-01
1.796047913441787935e+00,-6.821577556885634053e-01,5.905719599671437336e+00
7.312232602955829996e+00,2.671704963676016509e-01,1.527693687922277910e+01
1.395075973584619611e+01,9.371559319812039490e+00,4.191234969978397729e+00
1.458217739362977206e+01,1.520473356666484754e+01,-1.640313184402435809e+01
1.158875700503150341e+01,1.921539859670497918e+01,-1.390182430563896432e+01
1.071201898424365950e+01,1.463425155450065240e+01,-6.911817074913401804e+00
1.554960802565826938e+01,2.189469535127099409e+00,5.468054278638209809e+00
1.900473707771792675e+01,-2.589126469056649338e+00,9.465342980225212699e+00
1.402535163049890699e+01,1.713586756372455167e+00,2.817564213677201224e+00
1.304470425834190017e+01,2.854969372607389033e+00,3.614535495884760863e-01
1.537031749168514949e+01,6.510049374838849268e+00,-6.204351529892766948e+00
1.356397592138979746e+01,1.040724099228489408e+01,-6.613339061947498543e+00
9.464249771821448221e+00,9.610003169360572528e+00,-1.127723517419309207e+00
9.148460489950672070e+00,8.614301696638017702e+00,5.615412938392909226e+00
9.597372570774414413e+00,5.224767422235607306e+00,7.165412238600271877e+00
8.353643335775842615e+00,1.531584214915535203e+00,2.716750497860379809e+00
6.154294585210310586e+00,-7.264630430955179019e-01,-8.071176178285106584e-01
2.302875254533541582e+00,-2.847371254618427105e+00,-3.945286447498342342e-01
-7.854588290555032382e-01,-4.143443796317867189e+00,1.092795575235830929e+00
-2.219809854979756913e+00,-5.037305800436593373e+00,1.062445299179400227e+00
-2.541217700525998158e+00,-5.909277488734794304e+00,7.589536750026579237e-02
1.289540637568733494e-01,-3.991844555268932115e+00,2.498484043820469735e-01
2.687749054771833457e+00,-4.572288717454138229e-01,1.361962545828390603e+00
7.190493046709931946e+00,2.402696307859718772e+00,4.346686907630127550e+00
1.432114999025145607e+01,6.534071251347994824e+00,1.483809016515773571e-01
1.834837362812558581e+01,1.220179719464805856e+01,-8.982888019154348314e+00
1.916062711995155965e+01,1.914067766887353272e+01,4.368795120482354272e-02
1.542633744393091533e+01,1.905893017426693348e+01,8.129163489271746812e+00
1.436715429720126025e+01,1.341206803247067292e+01,3.410560933721020760e+00
1.460367151412403075e+01,5.405022560334206361e+00,3.481042542912772042e+00
1.442453023180029881e+01,4.439557699193684925e+00,7.528672091156912494e+00
1.502328538199241414e+01,4.389069996250650973e+00,5.771806753755074126e+00
1.467521172968789145e+01,3.178983331828769909e+00,3.675949706740869072e+00
1.154982161776934291e+01,2.574239227881778724e+00,2.472907997357554510e+00
7.581745943773855245e+00,2.670836066038104306e+00,1.231256320141070226e+00
4.290745394460711459e+00,2.727355538679138380e+00,7.560113493075888424e-01
1.320860099305291913e+00,2.469630836411828234e+00,4.492268962575136082e-01
-1.181933465502102099e+00,1.350368313729435332e+00,5.367887960831502214e-01
-3.593651028066679132e+00,-7.298534492651559402e-01,3.468677400600976846e-01
-6.513301449052290693e+00,-3.364660521003411731e+00,-1.456494057799344599e+00
-7.971010255430815761e+00,-4.896343466238498365e+00,-1.451478710821122453e+00
-4.594394610847648330e+00,-3.855831314154317901e+00,8.180492321687430346e-01
2.387331982222058446e+00,9.867853678551419261e-01,2.740644350895486081e+00
6.691493838701373598e+00,4.385103656720532150e+00,2.660737483846653539e+00
1.119457231743763259e+01,3.490409047235246920e+00,8.457394454939223039e+00
1.317508215236043334e+01,3.528892331820599804e+00,4.298624615587450570e+00
1.293060941398539399e+01,7.344601753554137247e+00,-1.164763607928008327e+01
1.334191258738076691e+01,1.659864278598227116e+01,-1.463583634886362894e+01
8.115733806210130297e+00,1.939730116095245549e+01,-8.595782188508405142e+00
1.357309080733056561e+01,1.282877294639622079e+01,3.569790246477415607e+00
1.913557200726953056e+01,2.117431916164083994e+00,1.163730954669410167e+01
1.698870199316262131e+01,1.478744682127181687e+00,4.145204902742184672e+00
1.550232829813766244e+01,1.222801702979594340e+00,-5.323458247512239394e-01
1.579173610720540211e+01,7.169015527458002524e-01,-6.982125029570952712e+00
1.491413746194726997e+01,4.881613967751418315e+00,-7.390407385098315629e+00
1.026105576520938278e+01,1.219895994206497569e+01,-6.060167495373820490e-01
7.101248814113744423e+00,9.702593645739598927e+00,5.275914328689483845e+00
9.441192104270882623e+00,2.080623723183686824e+00,9.108107163435100517e+00
9.003002436203720649e+00,-1.936011881898139331e+00,3.245477298086266948e+00
3.916880306828107727e+00,-2.936277317257435016e+00,-6.865595374358279823e-01
-1.467041818242212359e-02,-3.298283176340968126e+00,-3.397489630555994289e-01
-4.470640458267075568e-01,-2.397339580051495833e+00,1.268132889209690584e+00
-1.143621799999999938e-01,-2.253822282416919620e+00,1.300314059821242818e+00
-2.892879104156748649e-01,-2.273640375496953858e+00,-2.604006790866777998e-01
-1.694446730803000067e-01,-1.070886822288257711e+00,3.550631107759809613e-01
2.077566171632493131e+00,1.111891891883486805e+00,1.731484119240439323e+00
1.059848891539996174e+01,3.250165252547952299e+00,8.124859035904703930e+00
1.716060816776727549e+01,8.022551623630047146e+00,-4.655440632101049303e+00
1.952719599741465473e+01,1.653673257974633870e+01,-7.008061147071565244e+00
1.835874845976876912e+01,1.949364917165462785e+01,3.473827011416211086e+00
1.567245170785234265e+01,1.638871431551785918e+01,4.144754893920167049e+00
1.408473770447015028e+01,9.406384654349965402e+00,9.557190245444966425e-01
1.392132532094010777e+01,4.852286646838158468e+00,5.059084635939699481e+00
1.451195161133207634e+01,2.469641126549257049e+00,6.016846721640753515e+00
1.529917957273801576e+01,7.086244958601288779e-01,4.388684531621397156e+00
1.430746106938021711e+01,-3.610818366238997545e-01,2.410038077404887069e+00
9.901044957272114644e+00,3.808062476950165864e-01,8.845455014216488943e-01
5.483625050607565221e+00,1.737868076123497918e+00,8.977042515442019699e-01
2.332555406725306479e+00,1.721485514476898349e+00,4.585599651909480490e-01
1.654029153530179319e-01,7.634639601522560381e-01,1.097109168976287963e-01
-2.686114115616612619e+00,-1.054198637478342082e+00,4.366707001570129809e-01
-6.822223062576337149e+00,-4.178687703878280146e+00,-9.189291315454659603e-01
-9.601624425026667353e+00,-5.790774892877887048e+00,-2.692279155160097748e-01
-6.908721495056086681e+00,-4.444543367104778042e+00,2.632473422658923479e+00
-3.621331330038848328e-01,1.020558580717762398e+00,2.500313428385704029e+00
4.325336246586927835e+00,4.495029542777384535e+00,-5.781322821829676384e-01
8.769847164593256750e+00,4.789568750150870358e+00,5.564098369981606673e+00
1.221739950943429420e+01,6.022719650685955273e+00,7.147743791960240678e+00
1.438715205448334800e+01,8.203487524826881483e+00,-1.106542247344339991e+01
1.642621590023061273e+01,1.586956404799719778e+01,-1.453251087520826701e+01
1.300091488803815132e+01,1.849930188322000646e+01,-1.189498448898268279e+01
1.720368839687731111e+01,6.729514263916213324e+00,3.366669340652492348e+00
1.948161408670159744e+01,-2.202339115470884234e+00,1.342557713297574651e+01
1.563938869320660174e+01,1.441032322260854315e+00,2.118747721705009024e+00
1.313266189012578877e+01,1.248105825723260232e+00,4.568943326606098032e-01
1.203189102403977984e+01,3.242557229285586984e-01,-3.241596117654746312e+00
1.002491388012047224e+01,3.285914500669355753e+00,-8.757201967215594962e+00
8.513057686547375269e+00,1.054446980155631053e+01,-7.473485855347395734e+00
8.402998706783554539e+00,1.036483679190064855e+01,3.269691702990525251e+00
9.351901831491030492e+00,4.116798115020728233e+00,9.811079916716941796e+00
7.720383099447302833e+00,-1.030121256471142610e-01,3.482786345830012120e+00
4.985705455712881040e+00,-1.152444995223768087e-01,-1.949136600037178368e+00
3.042556297669255283e+00,-5.576643510905011647e-01,-1.300341475839302596e+00
1.960619304752535541e+00,-7.480685146152956655e-01,4.634573666235070055e-01
1.821729111394025491e+00,-1.236571580815847504e+00,9.291265687943039975e-01
8.255395454993231796e-01,-2.537976072496673563e+00,5.214127061684427078e-01
6.021793085146911473e-01,-2.663414244055541946e+00,4.808314697941872273e-01
2.586224170439204606e+00,-3.543469829753785882e-01,6.594887446773189943e-02
4.514317854080786674e+00,1.985682153594384936e+00,-6.759080697169181917e-01
1.236771489813595970e+01,3.840053507092155094e+00,4.391678608463805311e+00
1.845963414522027790e+01,8.155551262395285050e+00,1.578585045436823098e+00
1.952906171292248771e+01,1.532149088282971938e+01,-1.743311013919236707e+00
1.636685136750478975e+01,1.937222842835788583e+01,6.794447236118468680e+00
1.245750146020917803e+01,1.496134896830241523e+01,5.132119920674550251e+00
1.160834935770611764e+01,5.173538769218058775e+00,2.260186230378460059e-01
1.343227254372790114e+01,1.122512313150777485e-01,2.355173929135663258e+00
1.526268295117291984e+01,-1.789948734945051134e+00,4.761719837463163074e+00
1.467306833257581289e+01,-2.406594213519257064e+00,3.772670305526586443e+00
1.177235007919385268e+01,-1.314935003129971136e+00,3.558881375509576728e+00
7.291777334927256327e+00,2.482048617579696081e+00,3.250813871113569231e+00
4.082539739326655592e+00,4.985574715791529776e+00,1.902084779517491553e+00
1.538101002444159704e+00,5.009349423886827246e+00,7.610817265005924703e-01
-5.995039428790839287e-01,3.351003468028990184e+00,3.755741088302218533e-01
-3.527854111183828856e+00,8.727102325529708660e-01,-1.153001575648445465e-01
-6.548250723331334733e+00,-9.137746805759532354e-01,-1.266559360180793625e+00
-6.276615059586937662e+00,-2.830036357216779930e+00,-6.422337110291400641e-01
-1.399727298514204854e+00,-3.324117916837385778e+00,-1.886331825480645763e-01
3.456700842980850119e+00,-4.572990017899276616e-01,8.852764273615700841e-01
6.076471779719454958e+00,1.679469412856787081e+00,4.153834703159209774e+00
1.446838911671732930e+01,3.401127010515595739e+00,1.176274097259315710e+01
1.861703535188772562e+01,1.072338321447132969e+01,-1.163140840285261568e+01
1.743805993126883536e+01,1.901438051729660828e+01,-9.798738345617785228e+00
8.117366150284082593e+00,1.663862800973402045e+01,-1.104966422998301212e+01
6.227489978585460051e+00,5.408640026473831242e+00,-1.160951226972869677e+01
8.342144181087876476e+00,-5.896831867991099152e+00,5.039212059020008461e+00
1.656349570103806457e+01,-5.831161237407854081e+00,1.357180773341846702e+01
1.535613102849018574e+01,3.780450340136471077e+00,-4.201331363376440420e-01
1.846687212252138366e+01,6.370258140685788106e+00,-8.025808267515699868e+00
1.953385370824343070e+01,1.645763011939125331e+00,-7.293608728513164330e+00
1.780187936807820037e+01,-1.804242551082176238e+00,9.943683244732048898e-02
1.353538358317089774e+01,-3.136085475760923114e+00,4.866143667017311714e+00
8.692851843499409981e+00,2.502189294458577073e+00,5.548294351664377899e+00
4.291976885005523989e+00,9.287753516652157870e+00,4.022804916133383202e+00
1.387577029450469235e+00,1.293750161917736463e+01,8.087484000951236651e-02
5.353330674584928506e-01,7.628700301001567041e+00,-3.492971518295346023e+00
1.686185879577459801e+00,-2.609194957692402284e-01,-2.244685711270299588e+00
8.302273546294696160e-01,-5.779978400424613305e+00,4.383080480691489145e-01
-1.484888398802808096e+00,-7.728495960068362258e+00,1.154413700718315283e+00
-8.805460346850296771e-01,-5.040065140371944530e+00,9.865072088269631889e-01
5.438434478535398853e-01,-1.932031228659975230e+00,-1.902130166268806155e-03
1.460531012658599970e+00,1.908242431631240188e-01,7.969367944746619248e-01
4.885135660182696071e+00,2.720472307082333341e+00,4.272164500922583485e+00
1.770891913695783870e+01,6.132726249585038758e+00,1.064958540159725331e+01
1.919944011009949492e+01,1.311236423156579711e+01,-6.713702977486522450e+00
1.911597679672433614e+01,1.885878603376329821e+01,2.557103443645441843e+00
1.412458373933673883e+01,1.778923125891151358e+01,7.686637959916543750e+00
1.272984933022428145e+01,8.325372936197258156e+00,1.430948660464271827e+00
1.440953341511245256e+01,4.231788309020519279e+00,5.117362695467313483e-01
1.556564505815341803e+01,5.055275588058085745e+00,6.361954992775017637e+00
1.336160418858910504e+01,4.789995761284188802e+00,8.052417163105660691e+00
9.415228252126915720e+00,2.766978506539824689e+00,3.698111665981411722e+00
6.852155898948122825e+00,1.386687056477429403e+00,-2.735281546178603973e-01
5.404003746730879243e+00,1.441766011578203555e-01,-1.140263857021972971e+00
4.345706843582519241e+00,-1.111511031507892211e+00,-4.200949912731959390e-01
2.863309330515332984e+00,-1.225693859193746960e+00,5.051782749830597830e-01
8.479013589571506859e-01,-7.379753615313476844e-01,1.126787683522842087e+00
-1.022558458217297295e+00,-6.839897518847591895e-01,1.105198665554058435e+00
-2.433605688982313886e+00,-1.766169705509891052e+00,-1.175275775663041644e+00
-3.054420756708304818e+00,-3.105327381114069585e+00,-3.380990062939190022e+00
-1.891221628561293278e+00,-3.177756069716213716e+00,-4.746121648522754199e+00
3.216404136341507680e+00,-2.078046842289897889e-01,-3.201653611475814287e+00
8.076986939729787096e+00,3.064633085447460825e+00,5.233838224559799635e+00
1.386492681398463489e+01,4.372621361277211349e+00,1.848929901398065567e+01
1.419972435157828272e+01,6.476756396257718151e+00,5.271224852040999664e+00
1.138594179118446448e+01,1.251968835959272930e+01,-1.173613444607673273e+01
7.250342949329991349e+00,1.877581244460105481e+01,-1.073767096811588573e+01
7.657556616064751687e+00,1.627426722560107208e+01,-7.321175597193316342e+00
1.650528895209409797e+01,2.893306512190769730e+00,1.459066836247473020e+00
1.954395900000000097e+01,-3.383039896362492804e+00,8.675220081013060636e+00
1.901817128008245916e+01,-3.037353311519837007e+00,2.635749334143227540e-01
1.732336124922925080e+01,-2.671346107551554105e+00,2.027075634330669285e+00
1.582207441275039095e+01,2.517297001536201506e+00,-1.107740332850434495e+00
1.279288210418423866e+01,9.633374238254440058e+00,-2.061647898400222889e+00
8.794313354509995406e+00,9.089839110823863422e+00,2.147681859665242499e+00
5.465835718580281721e+00,6.140831795986628094e+00,5.919721431052742844e+00
3.107129083588969110e+00,4.963505735064400071e+00,3.589678863824883326e+00
1.237987646975510225e+00,3.040509600700864734e+00,5.520892348870043431e-03
1.528297669329742314e-01,-3.548329072935363371e-01,-8.862134190006277779e-01
-7.276707479685635693e-01,-3.563741125485154093e+00,-6.989984361490895193e-01
-1.295928229889853345e+00,-6.408024292057645788e+00,-1.188390137267404167e+00
-7.915927237429465357e-01,-7.269956138410819335e+00,-1.610051899999999980e+00
9.130978887103952113e-01,-4.353554556950196108e+00,-5.969628636819530598e-01
1.921733054811453956e+00,1.624692033018268478e-01,1.194167452895416259e+00
5.328267279252226984e+00,3.045599332853169638e+00,3.913843995359564953e+00
1.454399597564531454e+01,6.186949881202949086e+00,4.431259694818880490e+00
1.721775248637043632e+01,1.415126247103388479e+01,-6.498492776934204684e+00
1.606311310443766871e+01,1.915371687663345313e+01,1.319802216859552235e+00
1.317253896178172567e+01,1.898427055621300497e+01,1.051554445083649192e+01
1.434824798195397477e+01,9.268375666911843780e+00,7.129976712956818119e+00
1.549920800336433757e+01,1.667303503632569406e+00,3.379183628178496157e+00
1.727225320948226539e+01,2.110662225325843910e-01,4.777653300148399396e+00
1.770101170551707170e+01,1.810697298405511191e+00,5.060538743039946219e+00
1.604343320535033257e+01,2.673345794127415687e+00,3.941934955021747733e+00
1.140084413788242124e+01,3.253234404579407713e+00,2.933200531108806963e+00
6.273178199852926795e+00,3.522043391136436608e+00,2.772578631010867767e+00
3.542796892584668456e+00,2.281429589374692313e+00,1.841149795406518797e+00
1.850833192845254604e+00,7.402211439046968433e-01,-2.738260016597915403e-02
2.862908169059427133e-01,-7.800915281884966967e-01,-7.581093198059793981e-01
-1.602131715818126301e+00,-3.114447761148050109e+00,3.348065984307928011e-01
-3.432585328920651158e+00,-5.692159047086579271e+00,3.579407322377899936e-01
-3.956648666583062024e+00,-6.825679696985432088e+00,-1.505075843420368376e+00
-3.033523259771921943e-01,-4.010633980328035086e+00,-1.112172109523263286e+00
4.821759343801951481e+00,4.316528161118515783e-02,8.080043170825645937e-02
5.618299421160633855e+00,2.029459021780661399e+00,-3.598085783117636050e-01
6.288692219829820296e+00,1.157610437275742532e+00,4.150460135879612267e+00
1.114229814426716025e+01,3.889973380260339120e+00,8.946195586653059806e+00
1.155207134765785959e+01,1.128854848282364109e+01,-7.964833359659414747e+00
4.512812611010941666e+00,1.873795857219769800e+01,-1.285946918576355102e+01
1.057963109933592216e+00,1.900835212539596952e+01,-5.013322629846745926e+00
1.364397338817340710e+01,9.999786572746739211e+00,1.328407510825598337e+01
1.954395900000000097e+01,-3.022884482157272679e+00,3.133595724558376094e+00
1.954395900000000097e+01,-7.882511573038701869e+00,2.862814330764895665e+00
1.783274716810499072e+01,-7.421928840522671322e+00,7.926004026720239182e+00
1.399306681932229424e+01,-4.910963465700277197e+00,7.767685794451817394e-02
1.318344660571058924e+01,9.961394518420467747e-01,-5.541074245431197198e+00
1.121642754079406323e+01,8.369885171430071935e+00,-5.379933168448463476e+00
6.267177978619812073e+00,1.132854082361231285e+01,-2.500419236000366308e+00
6.328435439171847143e+00,6.981026584217007169e+00,6.412518739234171150e+00
9.686169548077659286e+00,1.719608934047879290e+00,5.753771537002339898e+00
8.169242111582805776e+00,3.009662623074923493e-01,5.287619727108674450e-01
5.303068165391112032e+00,1.729197964774566998e+00,-1.594154275811133781e-01
3.095576118572295421e+00,2.932730379590946956e+00,3.826043599999999767e-01
1.175009182674817021e+00,2.725101559055263856e+00,1.024423972294518370e-01
-1.078301589039643238e+00,4.182431559174587532e-01,-9.295018913234365243e-01
-2.608677941732510774e+00,-3.211645578420488256e+00,-2.047932393080305058e+00
-1.955177274080276639e+00,-5.507592027696091463e+00,-1.832895445431476089e+00
1.961836768823079336e+00,-4.908094052577619770e+00,2.002396580033547480e+00
1.187599421264892285e+01,-2.924081169353598852e+00,9.760543553098180780e+00
1.458280741552297854e+01,1.499132884133412613e+00,-8.294830925886158113e+00
1.947723869422934584e+01,8.018903461036751779e+00,-7.420315887644045816e+00
1.904404964113201615e+01,1.807207212991173151e+01,4.689458160840276335e+00
1.352420518205306621e+01,1.890622104948313620e+01,4.642312217347592807e+00
8.431006611315066124e+00,1.147172099775909793e+01,5.813508737748479760e+00
1.106814228953214396e+01,1.656148211490196198e+00,6.202232577427561289e+00
1.352131212700929908e+01,-2.608450674205538888e+00,5.853401892238398574e+00
1.491747232665912115e+01,-3.314975921898073885e+00,4.448169201066193068e+00
1.670109860148354386e+01,-1.581153677114090605e+00,1.993558802796767004e+00
1.509386650497632054e+01,2.692796506989827976e-01,-5.372476664673977442e-01
1.079451691077555431e+01,3.080731103149814687e-01,-7.803626205931848414e-01
7.445098554646861544e+00,-8.147338191221620285e-01,-1.426163746039583291e+00
4.668438965910007177e+00,-1.536095425551684990e+00,-2.769234143746207799e+00
1.948085719832413076e+00,-2.166517201720750130e+00,-3.476727474588830802e+00
-1.132669211593748670e+00,-3.113248719731004588e+00,-3.435661321017557945e+00
-3.492831480806593447e+00,-1.623000003878877884e+00,-5.084766153893900409e+00
-4.759017888966295295e+00,2.554252850288424970e+00,-4.601142219108520948e+00
-3.259964413588284593e+00,8.627145091501647656e+00,-3.569523692103845125e+00
1.219735353731995708e+00,1.259637183971914887e+01,2.824498769174077495e+00
8.088040742187668997e+00,1.042917087216864225e+01,1.337933711245434765e+01
8.468630642650719409e+00,7.636478563766853078e+00,6.323157208515121752e+00
9.355733142815218173e+00,8.895841815308063616e+00,-1.445817476289551351e+01
1.427203130401075448e+01,1.362671199563216540e+01,-1.794973190085899262e+01
1.447368642824142881e+01,1.371976505570386351e+01,-3.852163604464086788e+00
1.721722055731012802e+01,1.894943355457883838e+00,1.408380736944364386e+01
1.937144809261626222e+01,-2.514740949017979954e+00,5.924608541398063366e+00
1.689333175522116193e+01,3.583225441200073025e+00,2.892778442379533299e+00
1.262085531322285448e+01,1.650819574889707875e+00,2.542533210293581369e+00
1.217047764904585705e+01,-2.705657184004625626e-01,-2.617384138519716963e+00
1.250863988656183068e+01,1.068921407427331660e+00,-5.887763750046969946e+00
1.243686266524321837e+01,3.351313485772064116e+00,-3.133177535304131123e+00
1.073065964547511975e+01,3.980531691821837637e+00,2.279978290848067690e+00
7.967582934566121544e+00,5.064480257290224330e+00,3.430628625417108779e+00
5.283269278334254970e+00,4.779180394361175033e+00,7.018065310855750027e-01
3.223268724728107770e+00,2.274290637031009865e+00,-1.886550192160275419e+00
2.193647675497020444e+00,-7.320520277964142064e-01,-2.707985164230072073e+00
1.482055872613971648e+00,-3.507189495560676384e+00,-9.588479922591808258e-02
2.046522698754547065e+00,-4.599709936354288153e+00,2.324783222068276700e+00
2.922419398692333470e+00,-1.709342539290572782e+00,1.180995961050371967e+00
2.528189575694161029e+00,1.157167614204375194e+00,-9.655660626896771515e-01
3.552789456042648730e+00,1.888882713669654212e+00,-1.714676532553602861e+00
7.476622528754556463e+00,1.265289358251659557e+00,4.651304776260538065e-01
8.952775332727354041e+00,3.984136297697344453e+00,-4.483481305712655463e+00
1.550560827629344374e+01,7.583359637064730485e+00,-9.160787516402505659e+00
1.954395900000000097e+01,1.397705573312533822e+01,-1.565238186945002052e+00
1.887176719203640118e+01,1.821031450997965351e+01,9.210414213373779857e-01
1.591106947974056496e+01,1.269989141126074905e+01,3.514120543613732384e+00
1.426469247589056444e+01,5.978469451750159536e+00,7.306558301674636269e+00
1.457018787972249285e+01,3.038877642283633662e+00,7.684894720942046398e+00
1.468375698392680562e+01,1.432548453028741342e+00,4.245371639113986184e+00
1.425441250551109817e+01,9.701931176849263316e-01,1.980908935423021155e+00
1.101515034506357260e+01,1.763333100000000098e+00,1.633470461108278204e+00
7.515389920479179864e+00,1.564795869028062558e+00,3.607027581296756713e-01
5.366086164995255814e+00,6.715260348696101556e-01,-1.762689418904778371e+00
3.338216564128289487e+00,-4.533110343031215295e-01,-3.125146033066132478e+00
1.089135040873352223e+00,-2.080787405064753681e+00,-3.178276560052927024e+00
-1.873274170366457048e+00,-4.239904447054373193e+00,-3.262439921231675477e+00
-4.006592580812365689e+00,-3.902853236227270983e+00,-3.890654246900327351e+00
-4.065227670853992947e+00,-8.703026464062977308e-01,-3.210275164489253097e+00
-2.930941584595160965e+00,1.800869647954210340e+00,-1.823693920098850896e+00
4.480682618649304283e-01,2.985145227140873825e+00,-4.790592187652624734e-01
7.831873363335928317e+00,5.217954223896320798e+00,1.025740752347461715e+01
1.024614969720037294e+01,8.535860941044932204e+00,8.200883785935593195e+00
